-20 0 -19 90 -62 15 -18 -87 4 -34 -10 -7 29 45 -86 -83 -69 -28 -84 37 65 11 100 59 95 -89 23 -67 89 -73 -36 -12 7 27 -37 -40 -19 81 -36 -16 -51 -71 -35 63 -96 -91 -18 -41 -80 82 -54 -79 -13 29 25 -71 90 -84 -88 94 95 -34 23 33 
51 -95 19 -94 58 5 -1 75 -13 1 -63 5 -6 96 -22 17 11 -74 46 85 2 -66 80 37 -69 62 -4 54 -88 45 33 24 -23 -23 40 -80 68 79 52 -13 64 -51 55 46 73 -79 31 -91 71 88 28 25 -29 -48 -97 -17 -32 47 -68 -49 -95 -48 67 68 
-24 -87 32 26 -30 -14 -44 -29 -74 -98 -80 -44 -51 -60 -61 -39 67 -34 10 -34 -2 42 -24 -5 -14 80 -39 -59 -76 -84 -10 68 -42 -71 4 21 52 12 -29 -43 18 -35 79 -67 28 24 32 19 -95 -54 60 -2 -47 -44 99 -10 -42 79 -2 71 -94 -48 55 -24 
-98 62 14 39 84 -77 83 -41 43 90 85 -16 21 -100 82 69 -45 23 98 65 46 26 -65 -89 66 46 -84 60 51 73 0 71 89 23 -98 89 39 61 25 7 50 30 -69 36 76 -72 -64 5 80 69 -65 -82 59 -49 98 38 45 85 -93 37 -83 28 56 -96 
-88 -68 -95 -20 98 70 -4 -11 80 38 12 26 17 79 -50 -78 -21 -64 72 71 -51 54 -45 -54 -17 52 24 -9 -3 22 -66 -62 63 -87 -97 -61 -35 -23 -68 -23 81 30 72 64 34 78 -45 -47 -74 -23 9 -4 94 -25 63 -2 -74 55 -81 17 -84 -54 -24 -14 
67 38 -22 36 -52 39 -28 -90 41 16 -27 33 47 -21 0 -91 -1 -16 20 99 -40 -70 -5 23 -15 -100 61 -7 -48 92 51 -45 3 -21 43 -85 81 81 -81 -28 -78 -38 -35 67 -68 38 87 -98 -2 -75 -91 -20 49 -22 -82 27 -36 90 63 -50 -71 15 56 22 
-67 18 -49 3 -32 24 89 52 49 5 -66 90 -92 65 17 -95 27 97 39 26 38 -49 63 -9 -33 63 57 40 -21 78 -64 -4 23 -89 -55 -76 21 -53 22 18 58 -24 59 78 -76 -75 -8 -14 -74 -32 -89 92 -26 33 -48 -33 43 15 -74 -50 -43 -90 -99 48 
-38 -22 -79 100 -93 -80 -53 -37 54 -13 57 -52 7 23 -52 -14 31 38 78 -32 -39 -58 27 94 65 -77 -89 91 85 -6 89 -11 72 -18 74 100 69 87 -45 -97 84 -50 6 -52 68 -30 55 -26 -10 84 12 -9 -62 -50 35 -80 -11 -87 100 12 23 61 -70 -43 
20 56 -50 2 -55 -1 0 -58 -4 -37 4 -50 20 75 -36 53 -78 83 -24 40 70 -40 19 96 -56 59 25 -45 -86 -60 -73 68 1 -90 56 -5 -3 83 0 71 26 28 56 -40 -22 92 -10 -76 75 -86 -83 56 -59 25 -86 69 -61 -2 -30 -55 -52 -43 -75 -27 
39 -6 -51 96 39 83 -71 41 -41 -50 -66 66 95 52 -68 -29 -94 -30 -57 91 -25 -46 -49 86 -74 -70 45 -65 60 62 5 12 35 31 -41 38 -38 -17 98 67 40 -42 84 -63 -20 -8 -46 62 12 51 -50 23 -51 28 -24 -87 79 98 38 28 93 -12 -82 25 
-73 2 0 -79 100 5 84 96 100 -94 -73 -2 30 -65 -22 -90 29 41 84 49 31 -17 66 -20 36 -2 -53 -97 -63 -72 67 -94 99 -1 49 46 15 -100 46 -69 -17 -4 -44 -85 -14 60 4 -11 76 81 -75 -77 -72 100 -5 15 88 -70 64 84 58 52 -46 -11 
-83 -3 -32 39 -20 -98 19 -63 76 -69 74 30 96 -61 -39 -45 98 -17 70 11 -9 50 -77 21 12 -38 28 77 -1 -43 -12 -77 83 -57 -84 14 -44 -98 73 90 64 51 -88 56 56 -68 -17 -89 25 -78 10 70 -52 43 -32 -66 45 67 -62 -53 14 55 -54 -12 
14 57 -78 -59 -50 -57 -98 -50 90 -90 91 55 60 49 0 -44 -33 30 -45 48 -83 47 -58 -44 54 5 6 -8 -99 -10 55 -54 78 -1 -88 51 63 -28 73 16 -88 93 -7 52 -32 -98 47 32 -64 79 -83 -83 -18 -85 35 24 -5 -13 -53 21 9 -38 38 -52 
31 -53 -47 57 65 -6 -66 73 50 82 -27 98 -94 87 16 -21 64 11 -89 7 -64 46 74 57 28 73 28 33 -94 81 -11 -14 40 79 -92 13 37 -79 22 -46 76 -77 90 -12 -61 8 -11 33 -66 75 13 -27 -24 -96 -58 -25 -90 32 35 62 76 72 97 22 
-73 56 43 -31 -71 56 -78 97 -23 -62 22 96 31 41 -5 -94 -72 -8 -12 26 33 -6 92 -44 -83 -33 -89 36 44 -95 -88 -20 -91 -66 -27 96 -62 -35 -30 31 -16 11 -98 -51 94 79 94 76 46 68 92 25 52 15 69 -24 -82 -38 -5 -53 91 -37 -37 57 
-98 18 81 -27 34 88 -7 -11 32 -75 64 49 -4 78 -8 8 -93 -77 -41 -36 -57 37 -97 83 -11 69 88 29 -50 -10 -92 -16 -46 93 -79 27 23 -35 -51 83 -3 53 -16 -64 44 67 -91 -72 23 -99 98 77 44 -42 -14 -3 -27 -58 -2 -11 -82 80 -65 11 
-72 -79 32 86 -13 -85 -69 34 86 -36 40 24 -9 84 -11 -16 -20 71 64 70 1 16 73 -84 90 -35 43 -12 -62 68 -86 100 51 3 96 49 1 59 37 -11 -3 64 -37 -33 23 97 66 9 20 -65 -16 6 0 58 -32 50 -34 -24 -95 34 20 38 93 26 
11 51 -46 77 91 17 31 57 -44 -38 -17 -30 -72 26 -84 42 64 67 13 1 -17 -20 56 94 -32 89 -8 90 41 76 99 -61 78 -44 -45 22 0 -94 -17 74 15 39 42 -1 -70 -52 -64 -22 94 85 -18 0 44 88 98 95 5 0 -23 -76 89 -29 61 47 
-37 -12 -95 -10 -41 4 98 49 55 94 -28 22 -10 79 38 63 19 52 -86 89 52 8 -78 -44 -69 76 -54 -75 59 2 42 61 94 -55 57 -33 -46 12 -49 37 -8 96 -82 49 84 -99 -57 -30 -36 49 -8 -49 -90 -18 -81 51 35 -98 -24 -51 -83 -11 86 51 
52 -63 22 -44 60 3 -90 64 -18 -68 -81 48 -39 -40 36 12 -1 -86 -17 -14 -2 -53 -86 -83 70 60 14 63 98 -32 -96 71 -57 94 10 71 55 74 65 -94 -85 -96 61 100 -24 -9 62 -49 74 -13 -44 -85 -74 -26 -86 57 -10 -8 38 79 -38 -70 2 -36 
-95 -48 -27 90 34 -96 30 84 12 1 81 49 97 -61 -47 55 -5 -19 39 58 61 -24 57 24 11 41 -41 -74 15 -59 -53 -10 -16 94 79 -62 -65 44 57 66 -80 2 89 93 -42 -87 -23 -62 31 -57 -83 60 54 -67 72 -49 -42 -91 -97 91 -100 -11 -92 80 
49 53 46 -20 -35 -51 -60 22 36 -31 -8 -40 -46 69 -19 -61 44 -23 -55 1 -32 19 47 46 -13 81 83 -91 11 6 38 -56 -11 52 49 52 100 51 91 46 -26 -43 54 -58 -49 -89 -96 -96 -66 -6 29 18 6 -67 -70 4 -30 93 -68 -98 54 19 18 -27 
-37 21 -69 8 89 -82 -82 69 -34 85 -1 -11 75 58 41 -48 77 45 93 -9 -15 -15 37 74 -99 -98 -34 -33 24 56 -55 -83 -72 24 67 -72 -3 12 -22 5 -89 -92 -84 58 -7 50 -25 -24 66 -91 -89 -67 -94 46 60 12 97 12 77 -74 93 -42 -86 -53 
-85 48 20 7 -7 -99 15 -28 -97 -34 78 74 61 -11 45 52 77 -93 88 -63 -54 -98 -88 -14 -64 16 84 71 -100 68 2 72 -80 -78 56 52 72 91 11 -100 60 100 52 61 75 77 -64 83 46 -68 45 91 -98 41 -93 82 -19 53 82 -91 -47 59 84 -43 
-91 -4 -75 -16 -85 37 77 -94 27 23 39 -62 36 -28 67 -71 -29 -36 92 4 -15 -11 49 98 7 -99 -32 -88 -19 40 22 83 -6 18 30 -23 -48 14 -75 -44 -29 -50 97 -81 24 -32 54 -66 53 -46 10 49 -49 -31 -32 -83 61 82 62 58 18 93 -3 -67 
-55 62 -41 -26 0 -80 25 -53 -76 -21 -97 79 52 -79 85 3 -96 -23 32 44 -10 93 13 87 -65 -31 -40 29 -37 97 -17 27 42 -12 -80 63 30 78 97 53 -12 49 -4 -84 87 -32 45 -43 -58 -78 -76 -96 27 96 44 -56 4 -51 -29 34 -12 40 21 -48 
15 -48 -42 -60 83 49 -16 67 0 51 -83 -66 -48 27 79 22 -52 73 -54 -100 38 18 -98 -48 8 -49 -43 -77 77 80 66 78 -26 12 -50 67 -60 20 81 83 -53 -14 -23 31 10 31 5 -29 26 81 -27 6 -94 2 -40 14 50 -26 13 64 35 -31 45 -77 
41 2 -66 11 -73 95 83 71 -69 42 -99 48 15 -25 -70 17 -45 -66 -1 70 39 -3 56 97 -40 -59 0 -84 29 44 2 9 -85 -12 90 -86 -61 -24 -68 3 -51 -69 -12 -87 61 -83 -40 -58 50 -95 -25 29 -24 -66 30 57 -47 73 -41 20 96 -46 -32 80 
-71 -72 81 -53 -27 19 15 19 57 -25 0 2 -28 69 75 -69 -66 -35 -73 43 -6 -19 30 98 -66 35 -11 53 52 4 -70 -4 93 -75 -74 -75 4 4 44 71 0 -31 61 -55 -56 65 -5 89 -10 -11 56 55 75 -72 -2 4 62 -50 56 -48 1 46 40 97 
-40 -31 -17 -44 80 -5 46 61 -49 18 -44 3 46 -54 21 -86 -12 90 29 -40 -73 56 -34 80 21 -69 -66 44 71 4 -32 26 -73 84 8 26 -5 63 0 -76 15 -37 -31 -55 -27 -97 -96 50 -78 -56 -13 -23 -9 69 -38 41 76 -65 -63 -96 -27 26 -34 -85 
51 41 83 5 -43 -67 -30 41 68 -23 71 -97 8 0 61 16 -54 40 -83 -81 -21 41 32 -36 73 30 -57 -76 -7 100 -23 30 96 40 -91 80 -58 -16 3 73 -69 98 11 98 -90 -73 -85 10 -47 18 79 33 39 -57 -33 -57 49 32 13 -33 -12 8 81 30 
-67 37 -78 -90 -76 -9 -31 79 7 -77 -88 -66 36 44 -55 -20 67 -87 41 -33 39 36 -24 39 18 -27 -64 77 83 -83 0 -32 -77 14 14 -64 65 -51 -22 96 -18 -91 -65 -58 71 -43 13 22 -32 -75 -74 -46 -85 -11 72 -89 -23 -66 87 -53 -90 -64 21 84 
-16 23 81 -94 -41 -22 99 -41 -66 46 -49 86 98 28 -53 74 96 43 60 -16 -96 21 -29 -39 -15 25 -2 14 -48 76 -20 54 47 8 92 -68 -36 -79 -67 97 45 88 43 81 79 -47 -3 58 0 77 41 98 41 41 -48 -24 -17 -64 -38 -78 -27 39 58 73 
53 29 -94 -62 82 32 86 15 -81 -15 41 16 -6 57 -12 -17 -90 -99 -55 40 -95 -58 -63 13 85 38 7 -77 -49 -21 58 30 79 -75 -2 52 95 99 -80 -51 -80 -1 37 90 66 64 42 22 -8 11 59 34 -77 81 -14 10 -59 -6 53 -71 -83 9 -36 38 
-27 65 24 94 -12 65 99 17 -52 -48 98 55 54 57 76 -88 -100 34 55 -82 87 -7 -23 33 -39 93 -13 -11 92 -71 24 -79 21 79 -5 -84 64 51 79 68 6 90 59 -60 -63 -71 -27 -22 58 22 -59 -57 34 -12 -27 29 -54 76 -51 -5 -77 75 -24 -78 
-13 45 -72 -87 53 -31 81 -34 -20 73 -46 -100 43 32 -26 -97 -75 -54 13 93 -90 -95 -6 -76 -52 74 2 -97 -42 -8 77 -43 -66 -17 -25 -50 77 -8 41 61 -93 35 -56 62 -76 37 18 9 -6 -70 -5 94 -62 -55 67 5 -51 -12 -16 -77 90 -80 67 -51 
79 48 -72 -43 30 21 90 -94 90 74 26 -34 85 20 97 -39 69 -6 -93 72 31 -58 -54 29 -52 -59 -91 53 -95 -79 6 -1 47 82 -31 27 -37 1 87 25 -19 41 64 -32 54 -44 -19 -22 92 -87 -80 74 79 59 -83 44 -70 9 -100 -41 -25 70 -96 -56 
80 -41 48 75 7 -62 -52 74 -96 22 3 91 97 53 -90 98 -97 71 83 71 -4 -13 2 1 27 -37 7 82 -99 38 51 -73 -71 77 55 -92 17 40 25 -9 88 -20 -17 12 19 -46 26 91 -32 66 62 0 73 -60 -45 -38 -39 100 -12 52 13 56 -14 -100 
31 67 95 14 17 -35 -8 -79 -73 89 -87 -34 39 79 -24 82 72 -22 -41 -6 -77 74 -34 24 -89 1 79 -35 27 -51 -76 -23 49 48 -38 -90 28 3 -7 -21 74 -22 0 -62 68 23 -10 -76 -29 94 -15 28 -69 -37 -92 -45 -26 49 31 -76 -38 -96 16 -76 
68 2 90 -52 -98 -77 -97 -9 -87 -12 8 60 -45 52 -20 -77 39 -17 20 -29 -46 76 24 -66 65 -35 -40 0 -11 -79 -94 -40 65 -70 -84 16 -47 72 38 -8 -72 53 -32 -96 -70 78 -1 -15 61 -95 -98 33 -26 74 46 -27 -67 78 -58 -59 -7 -56 -29 -69 
-13 -18 11 11 14 -62 0 5 98 14 -40 -11 86 58 -11 -40 -71 -84 8 67 83 -68 21 100 -43 12 -57 -96 67 -1 -44 74 6 -73 67 -85 50 -72 61 -23 -49 -99 -77 90 -96 85 -68 -59 52 -98 47 54 38 42 31 -56 -35 88 57 37 -82 -71 99 98 
-43 -68 -22 90 6 -62 69 -21 -93 62 -13 42 34 37 29 82 -69 -15 -79 33 85 3 -67 -14 -61 -9 71 16 -66 -43 42 -46 97 97 91 -3 -85 42 -38 70 -23 54 -64 91 -90 56 66 80 -72 -92 -97 -71 62 -30 16 -22 8 -49 -16 78 77 -96 -39 18 
-53 -43 84 -67 8 -39 59 30 -87 -92 -26 -35 -69 -77 18 -5 -26 25 -43 -98 -20 97 -75 54 -6 -4 82 -11 -100 -31 -63 -87 94 -51 28 17 24 -23 -36 77 -83 44 -37 -22 31 59 -90 44 -65 -47 89 -38 -54 -33 7 -9 97 -94 -52 84 -58 0 -13 -38 
21 35 71 44 -53 -66 -89 32 56 -29 -67 -33 -36 99 -53 45 -98 -39 -30 -62 51 78 82 93 -55 -66 29 -17 44 -50 89 10 -57 4 -77 -8 76 -78 3 69 61 -80 64 -62 -32 77 -55 -24 17 -42 92 98 -2 78 52 32 11 41 67 71 -44 58 -18 15 
-79 22 21 50 37 18 -18 30 -66 19 59 -89 -83 86 83 -43 27 -19 -37 -67 -39 -58 -63 39 95 -75 44 72 24 34 -56 -91 43 -9 71 13 43 18 -25 -78 -32 50 60 -9 41 -64 45 100 -58 18 17 -51 -57 43 -28 46 63 14 90 -76 70 -4 97 6 
2 94 87 84 -19 -35 0 -34 5 -77 -10 -94 -90 -72 -53 -88 -15 -19 -75 35 38 -75 13 -47 65 48 64 -17 17 -26 -45 -33 -9 58 -96 57 -23 -29 32 -11 9 13 -32 65 3 -39 93 68 -19 -74 -34 32 28 53 -61 -22 24 41 35 89 50 -26 -21 -1 
53 -75 -78 -23 -54 -1 94 71 88 -50 31 -67 -2 -64 16 -88 23 9 -89 75 0 -29 63 -57 -51 69 -46 -74 47 -65 52 84 77 -7 78 -60 9 -90 90 -34 -13 -86 -28 -34 31 39 -100 -88 8 -17 -47 51 -88 1 -32 -86 70 -37 -7 -73 -53 -54 47 -2 
36 -53 16 -95 54 14 12 -58 -82 73 -80 -80 64 69 51 -81 -95 69 -2 88 67 -30 -61 -96 19 0 -84 20 51 9 -46 33 29 2 -89 16 88 67 -7 0 0 34 55 39 -32 -12 -83 78 -70 -59 -89 30 1 -76 70 -22 32 -31 -28 -62 20 -51 -85 60 
38 -98 -51 -85 26 -69 -10 -9 40 93 -11 -45 -81 84 7 75 63 -40 -72 79 -77 -98 56 62 -47 52 -57 -24 83 67 15 62 45 -2 -39 30 0 -40 94 -2 100 -67 91 55 -79 44 -91 67 18 -7 -91 49 60 79 57 55 74 59 -40 -4 -80 2 26 -84 
-89 -18 -38 -44 37 -14 -26 43 73 24 34 10 -90 18 27 86 -49 89 62 -95 54 -7 -13 21 -90 66 15 -58 -72 -10 -82 43 98 -67 18 -60 -51 54 100 4 -39 89 36 84 -70 73 -50 29 69 84 39 -15 9 20 53 51 19 -83 0 5 -32 80 55 82 
62 -91 -89 -97 8 -83 3 57 40 77 -47 -45 -54 -51 54 81 23 -94 0 -31 53 27 -31 -93 14 -75 -91 -69 93 75 -18 -53 -20 -51 -48 89 65 -48 -37 -86 -52 59 -99 31 67 93 86 25 74 51 -58 41 -88 76 -38 -61 -85 53 87 65 -57 -20 -95 -99 
77 -47 55 46 51 -75 -3 66 18 -42 97 -68 64 23 -88 -51 42 34 -60 -43 44 63 -20 9 94 -57 80 -87 64 13 64 -45 73 -62 99 -1 56 -8 31 -19 2 -16 67 81 90 98 0 11 84 -7 19 48 55 -43 -33 -58 -76 28 -21 -18 -11 97 61 -30 
-56 65 79 51 100 -54 89 12 2 88 -58 -68 -69 63 62 -51 -77 -54 -33 -14 -25 26 87 72 -11 1 96 -32 -11 86 -71 -88 -37 -44 34 -90 -95 64 -25 -36 -56 71 71 -98 -51 -18 57 -11 49 3 29 43 -92 100 -11 -83 61 -2 -78 49 -59 96 -74 -54 
1 -92 37 -98 7 -68 -36 -75 -2 44 -82 -98 11 -3 -64 8 -83 -12 60 67 -9 -81 -51 -47 24 55 -83 -90 3 -15 -23 73 87 80 -33 28 69 39 78 -41 75 91 -55 -71 87 70 -60 25 54 72 76 -24 -31 -57 82 -48 94 -93 74 52 -72 84 -43 -80 
49 -69 -26 -41 50 -6 -90 0 -43 -66 -45 -61 -22 82 -13 32 61 10 -67 -2 -1 -79 25 10 26 -18 -64 -80 -16 84 52 58 -85 69 99 -45 55 -12 -30 16 20 -95 98 22 57 79 40 -2 42 48 -47 90 93 56 -42 -46 84 65 -75 86 -61 -63 -82 -47 
46 58 -46 -79 -86 -63 7 -57 -61 -52 99 -7 -57 -23 81 14 -92 -50 53 7 52 72 -66 56 86 72 -90 -39 -64 -17 -82 6 15 63 79 -100 -13 8 0 29 81 45 -94 80 12 76 2 49 -57 29 -8 -10 14 -89 20 90 -30 60 -89 39 -10 58 -89 77 
-4 -61 79 -24 92 -48 -78 32 -39 -40 51 -18 58 -33 33 -44 -38 54 -74 97 1 -47 -56 0 72 95 -22 -87 -98 46 -49 -94 48 12 79 56 -87 -21 -94 6 -76 0 -1 -83 87 83 -8 38 -36 98 -57 -35 51 -22 63 -53 -52 -77 -2 73 -6 -78 -34 33 
79 -46 -6 -48 -96 60 -31 -42 40 27 -16 -69 -21 -57 54 -10 37 -26 -86 85 68 -74 52 60 -93 58 85 -69 -6 63 83 -46 40 1 -80 18 35 3 83 40 84 -10 94 91 39 6 90 -9 -9 -43 100 -5 38 21 -49 -10 -16 6 -43 30 -8 -35 0 77 
86 -71 -96 -88 -74 -32 -32 -74 2 -61 -29 47 -30 -35 -21 -76 71 10 -34 62 23 37 32 54 22 -15 75 34 -84 -10 -52 19 67 27 -50 -81 -35 94 28 -99 -44 -38 40 57 77 94 -100 19 -2 90 -3 86 -61 -75 71 80 82 -82 -85 -6 7 -9 -8 -60 
15 -9 -41 16 83 60 -83 95 -73 34 -96 -49 -54 -62 -94 57 98 -77 30 -65 82 -18 -16 84 -3 95 -46 37 -90 -6 89 3 -88 69 -33 91 7 2 57 29 88 -84 54 -38 95 57 -29 -8 -30 -53 12 -14 52 53 19 -62 -17 70 -32 93 -66 -31 25 -76 
-56 72 -85 -86 -27 -27 -46 17 -40 -68 -75 -100 -44 5 88 -21 -83 -80 71 54 -43 -98 77 -34 80 52 -27 15 -51 3 92 -30 76 -99 -24 33 89 -38 48 -67 70 7 -42 31 71 -97 21 44 -33 -94 96 35 23 -96 -29 -82 44 -66 75 -16 -44 -79 48 -97 
60 -97 64 -72 -90 -59 95 -86 -2 78 93 79 -37 -37 -67 70 33 53 -50 -21 81 32 91 87 -22 100 70 -95 96 -75 -86 -78 -57 87 -58 -98 25 2 -10 46 -69 -22 56 15 -31 -26 85 62 -76 -46 -28 77 63 37 -31 -26 99 79 96 13 -67 30 -57 11 
13 41 -96 5 99 15 57 74 -60 56 95 76 -51 20 -84 -75 27 61 -80 -27 -15 89 88 89 -72 -27 -95 65 82 9 33 -16 -34 10 85 87 43 -4 71 -33 -20 -85 -2 26 18 63 -47 37 -10 -72 -44 94 72 65 -32 -55 -28 -93 92 35 28 -22 24 -5 
63 -8 -22 21 -58 51 -66 -28 55 34 23 51 84 65 -1 18 83 94 33 -9 -11 -32 32 -98 96 -93 -78 52 -32 69 48 -80 -24 -92 26 -26 10 60 50 -6 12 -50 99 -32 20 -85 33 63 -9 -87 -80 35 27 43 -100 -7 -63 -54 -54 60 48 -46 70 62 
-21 33 -95 96 49 -97 10 -78 -66 -40 72 55 81 55 -38 -37 21 -24 31 93 -40 -47 38 51 57 -46 64 -93 -1 -8 -83 38 58 -45 86 -69 2 45 -84 -30 19 97 18 -4 -6 19 50 -19 68 -83 26 93 -14 35 75 8 -76 33 -51 -61 43 -28 4 40 
93 -41 90 53 28 61 18 -4 6 -18 98 -90 0 4 84 -26 31 -60 -59 25 84 99 87 79 -81 -57 -14 42 37 69 39 -40 75 72 64 -4 4 -53 68 57 -39 -17 -70 58 23 -5 36 -84 -30 -84 -45 0 92 -28 88 41 50 -10 -77 -86 -27 -96 -50 13 
78 6 90 -40 93 82 68 52 60 59 0 96 46 -13 19 -80 8 42 -40 -90 -96 -53 -73 72 51 100 -25 15 -48 -34 52 -53 -24 -85 -82 65 -42 88 43 -41 48 13 54 96 -96 -12 75 -73 27 -43 50 83 -58 58 80 -91 79 2 -67 -25 72 98 88 11 
34 -44 34 -34 -43 82 73 69 -45 -16 83 13 -96 60 25 34 -10 -97 98 9 -70 38 -56 95 79 14 10 -93 71 -25 -40 -70 -32 62 -51 33 -44 51 -76 41 -46 -76 -73 12 57 -33 -9 -77 74 92 55 -54 86 66 -42 -51 65 55 -13 -59 77 -95 0 26 
-47 29 1 -51 22 31 64 -78 -79 -39 85 -36 -4 -93 6 41 98 93 60 21 4 -98 -43 -54 -65 -30 -46 28 100 49 21 -84 -33 -9 -69 16 81 34 42 -63 9 -87 -46 4 51 -77 62 -75 0 -34 25 -33 -84 -56 -39 97 84 -59 16 -60 -99 -18 -67 55 
-23 -60 23 -16 41 -33 -74 18 -43 20 -9 72 -3 51 98 73 96 -69 80 -16 -2 85 69 -11 69 -20 -23 -90 -87 -99 -58 63 67 46 -56 20 89 43 -73 -66 -36 3 30 74 -94 -52 -14 -71 -51 -40 24 -79 30 51 89 -58 52 -86 -62 -69 -19 26 0 36 
95 -10 66 -76 15 -53 81 22 -52 -96 -36 -28 -96 -23 -89 100 -26 -54 52 -48 1 15 44 18 -37 -96 62 0 77 -38 11 -22 79 -66 -79 -89 -10 22 -42 5 99 -50 29 -71 43 -68 23 -67 -52 98 -96 33 39 -85 76 97 57 2 -42 -67 -9 61 -69 -97 
-12 89 49 67 95 69 -97 -52 -51 94 0 43 -25 -5 64 -94 77 -27 -25 -8 43 65 -8 -63 39 -28 -96 12 1 26 -87 65 -53 24 -98 -79 -89 77 -43 4 52 76 -82 -37 -61 -47 -1 -41 40 -74 -47 -94 -61 -27 71 -42 -57 98 0 86 96 -39 44 86 
18 -63 -95 -93 97 -35 -11 42 -80 -66 -80 36 -74 60 29 37 -28 -8 54 -95 -67 -18 41 -71 100 6 85 -11 13 -44 15 23 11 -66 -80 -37 -66 32 -42 -60 -97 47 75 -76 81 -94 35 50 -66 70 0 -57 -11 5 -10 36 -13 8 -17 -45 58 11 -14 88 
-4 18 36 98 -41 38 78 75 72 72 6 -70 26 34 81 -31 -91 -46 -45 -93 -48 67 -81 -18 -92 -96 64 62 -53 -84 73 -68 78 -45 -52 32 84 -89 57 57 -76 -68 22 -24 8 9 -34 -41 58 -81 37 89 72 -61 47 -74 -25 7 -22 64 98 -83 -4 25 
-84 -45 -78 -42 -9 -17 -92 -18 -89 75 83 -37 37 57 68 -3 0 9 -77 -44 -92 -95 -40 1 -78 59 -62 -80 -83 -4 95 -44 9 -87 45 73 18 -83 42 66 -44 5 21 0 -47 -53 -44 -21 -17 16 -50 -99 55 -77 -30 -74 -57 63 -46 96 67 -40 -54 -37 
-52 98 -2 40 -51 58 -79 -34 19 -28 -35 -56 -99 26 30 78 -18 -82 9 -89 -2 72 19 47 -70 48 -49 69 -10 58 21 83 -32 -73 14 7 6 -6 -38 57 63 14 -29 -6 41 -67 -64 35 25 -26 -24 -19 39 0 -24 88 -75 60 0 -7 68 -74 -68 47 
90 51 -55 -33 -78 -50 4 53 -74 -70 90 -55 -1 31 87 88 0 -79 -39 6 -46 77 23 -53 27 97 51 35 34 -46 52 38 73 -38 51 -33 -17 67 -48 40 -37 96 -79 -2 -96 63 61 -73 34 -95 -86 -5 -64 64 -55 -74 77 -27 -97 52 -57 67 68 44 
92 62 27 37 29 41 -93 -46 90 -76 -24 -36 2 -81 85 -11 56 -78 46 -24 -19 -55 -11 -90 61 42 32 -54 66 -9 24 -67 -21 -21 -68 -39 -81 77 -63 35 76 17 65 -47 19 85 -22 70 -36 56 52 -13 97 -47 58 40 -92 -25 23 7 34 -26 70 84 
35 87 6 6 8 -32 -74 35 26 54 -53 94 25 -92 10 -49 -17 41 -71 -90 11 -41 44 18 61 50 11 -83 98 53 -27 -62 -31 62 -11 -9 -52 -47 -66 84 -29 73 22 -73 85 95 0 58 98 -26 -47 -75 -66 31 33 -14 79 -38 1 51 -20 -63 69 -67 
43 -75 22 -15 -77 31 -70 100 -97 -100 -37 -75 92 46 11 62 -75 0 74 -42 -40 -52 -34 -86 -31 72 -13 65 -37 -5 26 64 53 -52 82 35 51 -73 -93 86 83 -6 -10 -27 94 -33 29 33 -20 -57 17 0 -61 22 53 86 62 100 94 -2 10 -23 56 -76 
19 -94 -96 64 90 11 5 -14 35 17 -38 -35 85 14 39 82 -2 91 -73 -93 -81 -7 29 -77 -20 -68 46 -37 6 38 33 -34 68 -32 10 84 19 96 -5 10 62 -35 63 78 46 -41 8 62 -10 26 -9 59 -62 11 15 13 57 10 58 -27 -15 12 -64 -87 
10 -53 -57 -84 96 -71 58 -59 98 -20 30 65 -86 47 -70 -14 -97 100 2 -25 -35 92 25 77 -56 -65 -86 72 -5 25 30 30 -82 77 -13 10 -23 57 -78 68 25 -7 34 -53 35 86 85 -60 11 64 -63 -12 5 -64 -27 34 -43 -4 -94 49 24 -81 87 72 
42 26 -96 78 -62 -17 12 25 -23 -74 19 -9 69 -33 -15 -52 36 27 56 -8 93 -39 -49 -23 -7 -81 -93 18 -43 -69 -17 -10 -62 -22 -70 62 55 -22 -12 -48 35 -28 -49 -51 16 -15 68 -95 -66 5 81 96 19 9 -83 34 -91 67 94 17 -69 -53 -57 -78 
81 -75 68 -30 85 66 -33 91 2 -67 89 -64 -35 -89 -44 -76 -87 -45 -2 35 -35 30 9 73 54 82 -61 -40 75 -20 -59 -75 69 89 7 20 59 -11 86 -69 18 -13 20 -48 3 -20 77 30 -50 -55 85 17 20 -65 16 92 62 57 89 87 -25 -14 -68 -29 
36 74 91 47 12 -93 -55 -92 -42 57 15 59 45 -15 -58 63 29 -17 -72 -95 30 -10 -10 -42 52 -72 32 -59 -62 72 69 -76 -17 -4 -83 -6 4 79 -35 -6 3 81 28 35 -4 52 -60 97 -41 -70 32 -75 46 61 15 -84 -9 5 -34 56 76 38 15 -70 
24 -71 16 27 13 90 -96 34 66 -39 54 91 -18 -23 79 69 -58 60 100 -80 -34 85 35 86 25 -86 44 26 -76 -16 -58 54 -49 -97 28 -59 -12 11 -37 43 -83 9 -5 -95 -82 86 -74 -69 12 88 95 19 -86 66 -71 24 78 -64 -90 75 -12 -6 -52 -9 
35 -72 -82 73 -78 -28 38 -63 -44 25 52 -5 30 22 -27 -89 -53 65 -13 -98 55 -5 -62 65 -9 43 82 -32 -61 34 82 -82 94 -49 -9 -70 -54 52 -93 -73 -80 -64 17 40 24 -39 67 -70 69 50 6 -39 -83 -75 25 -76 64 1 70 -83 65 71 -69 19 
96 0 60 -28 12 -10 -78 37 -60 42 64 -62 -80 -12 76 40 2 -22 -11 75 87 32 -78 -61 -9 -41 -93 46 68 51 -92 39 -2 -25 -95 61 -58 20 -73 -74 -13 15 -11 -59 74 0 -29 -46 79 95 17 -58 -65 65 -56 21 89 92 -57 88 3 -40 41 -19 
-38 -24 -9 -54 43 -30 8 -74 77 88 -69 -84 21 9 -26 70 -43 -11 82 30 40 -86 -61 43 -66 78 -34 -21 -50 99 18 -49 12 -60 -17 -61 -98 -73 -72 85 99 -33 -68 -50 29 86 -74 -10 -38 -42 -74 84 -10 -24 91 38 24 39 54 -34 0 71 80 -5 
66 43 88 0 47 -28 -2 84 -3 86 50 56 95 33 -98 90 -56 61 -14 50 -43 -9 -100 47 92 78 -90 39 -34 0 49 21 -14 82 47 -70 65 -25 52 42 -10 -11 -80 -32 6 -57 -50 46 -36 23 65 -77 45 74 -19 -70 -28 0 30 50 67 29 -47 -71 
-81 -47 66 -18 12 -17 -27 -83 -22 -12 47 -42 27 65 -1 89 -65 0 -52 -29 71 56 36 46 99 -46 85 -15 -80 100 49 60 51 -5 -44 -45 0 77 30 -93 -18 89 35 85 -43 -89 97 -13 57 -68 -8 23 -10 -56 86 71 43 -78 5 14 -82 -7 71 100 
-23 5 -81 -27 -13 -7 58 64 -96 52 -70 -15 32 39 -65 -71 70 -91 -42 -10 14 82 -87 94 1 -96 4 72 -84 -15 -40 71 -82 21 43 33 92 0 -55 94 16 75 -69 57 -62 82 90 62 7 -64 -31 85 -29 -94 -92 79 63 9 31 3 -90 57 -29 -86 
63 -60 -17 -96 2 -60 30 -72 25 -55 45 -8 -40 35 -40 29 79 -79 -77 59 -77 32 90 28 46 2 72 48 77 -100 -82 34 48 -20 30 13 39 3 -61 95 -54 9 7 -72 -99 -64 56 -32 -54 -80 50 92 3 -47 53 21 -62 89 74 -28 6 -69 29 98 
73 -48 86 42 -10 -46 22 -8 87 95 6 -78 63 31 -92 -55 74 50 -19 38 -41 -6 52 -51 -78 96 32 -70 -89 -25 27 44 -40 83 98 6 -89 -12 -13 72 -76 -15 -55 0 -9 -40 -90 0 20 19 -91 98 45 40 15 55 98 29 -96 9 43 -72 26 -92 
52 92 10 80 -81 -73 -67 -44 62 -93 66 56 29 66 -40 44 -8 -28 13 -81 -67 -40 -67 -96 7 16 2 -62 -80 -49 -97 53 64 -4 20 11 -62 69 27 -36 -43 92 42 39 -64 -18 2 -16 48 -54 -35 76 -44 14 32 -9 74 -50 39 -16 -77 -89 5 -51 
-2 -24 76 -22 -100 -37 -72 19 -5 -73 4 45 50 -24 50 -70 77 -26 65 63 92 -36 -29 -5 39 -77 88 85 -9 64 98 -43 -37 86 78 51 -95 84 12 -14 10 3 2 -14 78 35 5 -80 -5 -3 3 99 -35 -53 -52 94 73 100 -6 44 82 23 -93 92 
83 -12 73 -27 97 87 -31 57 -42 -91 -86 5 81 31 40 -25 8 37 -62 -14 -27 -83 -84 -72 -42 11 -27 8 1 58 -42 68 89 23 -97 -75 94 60 -61 11 13 41 98 -91 81 -77 -24 -11 -44 -32 -37 12 -94 40 -96 35 -22 16 -12 84 95 21 -45 38 
-17 -12 86 32 -42 73 -77 -3 65 -17 -35 48 -91 -8 38 97 35 -28 86 89 62 -83 8 -44 46 42 78 -23 -71 -7 92 -57 -59 100 -72 36 8 -23 -57 -26 80 -76 -25 -42 -47 -40 -80 -29 -68 -6 47 -74 0 -18 77 87 -62 16 -62 -33 -47 -93 -27 -63 
56 97 -40 -98 -81 -79 93 -95 37 -3 -61 -23 -94 32 90 -35 92 27 -64 40 -90 73 -64 -33 39 62 31 79 64 97 76 26 -33 8 -11 -30 -63 -71 97 -58 50 48 -3 64 29 -86 -74 23 33 -49 28 61 -12 78 -13 -39 -72 -86 70 -37 -30 -70 -94 -28 
-41 44 83 -13 65 -43 -100 74 23 98 30 47 -79 23 -47 -68 -48 -50 82 64 11 -86 -40 -56 3 -96 29 -89 87 -43 -6 -54 2 9 -22 37 52 -67 71 -76 51 29 89 -78 -21 -100 -36 -60 48 -100 -11 11 -59 46 -81 53 -43 -36 -40 90 -30 29 42 -24 
7 63 -31 43 -84 -78 68 93 54 7 -91 22 -79 -36 -12 3 38 -57 -35 69 -31 -1 -40 -73 45 23 10 42 1 -24 -59 79 2 -56 21 94 9 -33 -7 31 -25 79 -21 -72 95 -12 -7 90 -99 68 -78 99 69 81 23 73 6 31 51 83 -89 87 57 81 
-12 80 93 25 -63 -68 67 85 -57 -88 15 66 2 18 26 -38 30 42 43 -17 -93 78 29 -31 -61 -73 61 7 -98 -30 57 86 -74 15 -91 35 39 4 -31 95 97 -95 -77 -7 -26 -28 19 58 -23 97 39 36 -81 -94 3 0 31 75 0 -41 7 -83 -30 -35 
38 67 -75 86 34 90 -82 9 27 67 -85 96 98 -1 -76 -100 89 57 33 -35 -40 69 -83 70 69 5 29 76 -21 -92 -55 72 62 96 -88 -72 80 54 -67 -66 -37 81 -82 28 -35 78 -46 74 -74 -81 -91 -89 65 6 -24 -66 93 36 -60 30 -76 -75 38 -80 
20 32 -71 -76 28 -68 -97 60 88 -69 73 -24 -51 23 -85 17 42 -4 -53 -18 -21 -53 3 95 -44 80 44 33 -74 -2 84 -22 -51 -67 -61 88 5 -50 -33 -46 97 30 -61 -68 -77 -12 20 -56 -79 -91 90 8 94 -75 0 35 5 74 84 100 -40 33 29 -63 
84 -8 -10 -79 -12 70 -7 -29 91 -35 94 -48 21 -87 89 30 -47 25 56 5 16 53 -70 54 80 36 -95 100 77 44 2 -86 -64 -54 -39 -61 25 12 -85 -44 39 -51 -53 -89 -13 -58 81 -69 -82 -4 72 13 -39 12 -84 20 -86 25 -65 53 67 89 -71 68 
38 -9 -71 -52 -86 -93 -71 96 -18 23 49 -5 -6 15 -23 64 90 24 51 51 -74 -65 -51 -7 56 -23 44 42 75 39 -81 81 58 96 2 90 46 4 28 22 -3 -24 62 -21 -9 -42 86 66 0 -20 69 -25 7 -51 -7 -86 86 68 11 93 40 -97 -94 -83 
13 24 61 70 -80 -22 -25 21 45 -87 -81 99 -4 -11 2 -36 -48 63 -79 70 5 42 55 -41 -7 -23 -83 42 96 -48 43 -69 58 60 78 80 -75 -25 -41 -97 41 63 -2 -76 -31 15 33 29 -65 -21 -23 75 2 27 -34 -53 93 -35 -66 -60 1 -28 -16 -11 
-22 -39 -4 -25 -92 90 32 -63 -37 9 -49 21 85 -13 70 28 93 77 35 -74 -22 -27 -81 31 -80 42 77 -5 -87 -24 28 29 23 -82 -41 -77 13 28 17 82 43 65 -19 47 83 -10 -75 77 -80 -32 -69 84 -90 -40 -43 -77 58 50 52 2 -71 89 21 -10 
-29 -62 90 9 15 97 -63 46 19 -87 52 -79 83 89 45 64 52 -41 -49 81 30 -1 -97 -30 75 -64 12 5 47 -100 25 66 14 5 -9 7 63 -85 -52 65 77 -40 -100 21 30 34 97 -5 57 -73 -49 -94 -100 11 -73 -19 71 76 -26 -59 91 -14 -3 -68 
-46 10 -83 49 -72 38 15 -3 42 -89 5 48 -32 -20 -43 -46 -47 -56 -30 -90 33 82 25 62 73 -79 85 -52 58 84 31 -50 -55 -89 19 -58 18 -36 -89 45 -14 -33 91 -16 -11 -85 -35 25 -81 -88 -31 19 -91 -8 76 -91 46 75 -56 -58 48 -58 -24 37 
34 -6 43 -46 -46 94 -93 -85 10 51 -91 100 68 -65 -19 -30 -86 -70 90 19 -60 6 26 -39 -1 4 41 -70 -14 -15 99 58 -66 48 -76 76 0 -55 -70 -41 -2 16 49 91 -90 -86 96 -8 9 97 -20 78 -82 32 -96 89 99 68 -74 28 12 16 -88 -86 
67 -32 9 55 14 -16 -87 30 -17 28 -42 57 22 -80 -89 -38 99 75 -83 15 -35 30 -77 -31 3 -43 -100 37 -61 20 48 11 99 -61 -70 -49 -59 0 -84 65 90 -44 -55 85 -64 66 -29 -58 -37 92 -11 36 84 -10 21 5 -73 -88 -88 -40 69 -19 -28 95 
31 -87 10 90 -48 60 95 -77 10 -55 -23 18 -90 11 72 -56 70 25 31 -59 7 77 19 -5 99 -74 97 23 87 4 -88 88 67 11 57 -8 69 7 83 -30 64 9 26 -92 61 -27 88 14 -62 -24 -71 51 -33 -54 65 70 74 -7 -68 -77 79 -54 -55 5 
92 75 -51 -61 -41 -32 -36 99 -24 0 -79 -50 96 -52 10 48 71 -66 32 -76 -18 -34 82 72 -52 43 -72 -5 -94 43 -26 60 79 -93 45 -6 -95 -47 29 24 -47 -6 73 -100 34 61 36 0 -86 62 51 -74 -93 -16 -78 -89 -66 60 59 45 -85 -21 -71 -22 
-57 -68 60 18 -12 -23 -65 -15 -12 -61 -51 72 -92 -65 -55 -97 -56 -88 -13 -36 65 75 -55 -50 38 54 -82 64 29 -4 -89 -2 0 18 70 86 26 -50 -48 85 98 -14 5 -66 34 74 69 58 10 14 71 -94 -46 81 -5 51 77 33 -65 -15 37 63 -55 24 
78 -95 72 -29 72 92 -19 -66 77 -49 -94 -92 56 -42 72 5 33 51 -76 73 -1 -16 -44 85 -74 -58 13 -30 -50 5 -100 30 25 -60 51 -59 -7 61 5 -71 -5 -26 57 -59 35 -47 -56 -58 4 24 38 -8 65 -52 60 38 -22 -90 96 -57 -31 81 -39 34 
14 -61 -75 -43 16 -25 -39 15 -5 -19 -89 -79 -94 -58 34 80 -25 -76 83 -80 -2 75 86 79 87 -79 3 28 20 40 100 -10 -38 91 35 -78 -38 -33 27 -3 96 73 -64 97 -5 -58 98 71 3 89 -23 -70 -10 -49 77 97 -77 60 52 -54 69 96 32 31 
-100 43 -28 -6 -29 66 -82 30 100 57 -61 42 -35 99 -62 -61 2 -69 -69 56 31 -93 60 6 39 0 20 -76 -80 66 92 69 12 54 -82 42 38 -83 79 13 57 -9 42 19 2 -73 -69 45 -6 86 13 18 -64 93 95 44 -5 34 72 6 -95 77 -64 -86 
-7 12 46 2 -49 59 -68 -84 43 70 -59 0 -34 -83 48 37 -18 -9 94 -46 -69 -60 -41 -49 37 -29 -44 -99 78 -63 26 24 46 -48 10 78 -45 12 -50 2 -74 -9 46 68 -76 -68 -37 46 77 63 62 97 25 98 36 -79 -27 80 82 39 -57 56 99 -39 
-15 25 76 -55 -98 -22 0 -97 -67 -11 44 93 66 19 96 -16 -39 -78 -24 -15 -16 -6 -81 -7 24 -15 49 66 97 25 82 5 -23 84 51 0 49 74 -1 95 -31 -54 -44 89 -95 -23 76 -59 -43 64 0 51 10 -99 -60 20 84 8 -76 -77 12 -59 23 -74 
6 13 -48 -71 -84 28 79 -13 -13 40 63 81 -28 -64 -12 35 -42 -45 78 -55 24 -59 21 3 12 -75 -21 -65 29 17 46 -86 15 10 -24 -2 25 -17 -83 -6 71 -25 68 6 52 -11 -82 4 -57 -49 90 -44 -88 -70 6 -49 -35 93 36 15 -53 -95 -92 -86 
-100 39 -29 82 -63 29 -80 -40 36 73 -70 63 7 78 -47 -63 85 -59 12 -22 27 -95 81 -60 86 -51 -7 -81 3 96 -68 56 -46 38 60 -16 96 88 -79 87 0 -60 -32 32 -92 22 -25 39 -2 54 -2 23 -75 -18 83 45 27 -24 -43 -66 -40 9 43 67 
-83 93 31 -51 -8 86 42 87 32 13 -42 75 -74 86 -51 -46 99 8 -72 51 74 -41 0 2 60 -1 29 27 82 71 -5 -36 -26 -63 -10 -94 67 14 27 59 15 73 -11 72 12 52 -63 -65 55 84 -6 0 70 7 -42 -66 57 -75 63 -62 7 -82 -14 67 
-10 40 32 79 -76 17 -49 8 43 -5 -92 2 52 -63 49 -12 94 77 99 -22 -96 88 -27 -38 -89 23 98 -62 -97 94 -39 14 15 -22 64 -12 58 -100 69 -26 42 -53 26 -67 29 -30 -87 -4 -47 -64 43 22 51 49 37 52 -6 -49 -91 -60 19 -76 60 -45 
6 -88 58 80 97 100 8 -44 -84 -27 85 -18 16 30 -31 -12 -52 98 -55 6 -1 22 62 92 89 44 65 58 48 -15 -58 53 -55 -22 2 -48 66 -45 -57 15 60 -81 93 -33 41 73 42 -39 -4 -1 81 75 -76 58 -31 0 -71 -79 -73 -57 75 36 31 -35 
91 -38 -61 -20 86 -49 -2 -24 -42 13 55 92 90 8 61 -27 32 50 35 5 82 43 9 -17 -44 47 73 76 -1 79 38 -62 70 57 38 -18 37 -8 83 14 74 57 -68 1 -99 11 43 -86 -74 77 61 68 49 -77 -81 72 -63 10 83 -92 73 -74 27 -95 
-82 -11 -5 26 -68 -17 -37 80 -80 -76 -21 26 45 -76 28 44 64 78 -82 -91 -69 -95 60 -68 68 24 34 7 -20 72 -62 8 66 38 42 -19 25 92 46 -12 78 -25 -33 60 96 -45 19 68 25 -64 81 62 17 0 -57 31 7 -66 7 -50 -76 -61 40 -35 
65 37 -49 25 -10 16 59 80 65 -3 68 72 71 -93 -66 26 -13 -83 68 43 41 46 -39 41 -4 -6 -13 48 0 -20 98 92 -28 -12 -47 37 28 -34 83 47 -86 62 13 28 12 68 -99 58 17 -91 9 52 -3 -2 19 -58 -41 29 98 -79 78 19 42 42 
