34 11 68 32 -59 36 52 58 8 -43 -89 -70 66 85 0 92 
-7 -14 72 82 2 38 11 95 -41 74 -62 -14 62 -55 -39 -32 
-57 53 -4 9 40 30 -23 -66 -21 59 51 -41 -46 62 -5 -46 
60 40 -30 84 61 -85 67 30 56 24 -71 68 100 -51 -14 4 
96 67 95 -19 69 -90 97 100 69 79 47 90 63 77 32 -33 
48 -88 -22 75 -53 -46 80 -92 -87 -86 86 -3 65 -72 -29 52 
-91 -41 93 -53 86 98 -75 -60 44 -66 -13 -32 -86 60 94 39 
26 -36 -94 85 -58 -57 56 -19 95 96 10 81 -64 -76 -41 -64 
11 -44 -53 -49 -46 -3 36 -51 -40 -29 -58 -29 75 -46 60 -45 
-38 -28 -72 -77 -8 -40 -27 1 -31 -85 7 -24 -21 -33 81 40 
34 -3 -79 11 -86 -50 -48 -2 23 -21 29 -67 -93 63 -84 99 
-47 39 18 -6 -64 84 97 -76 62 -82 84 -48 7 -71 30 -39 
-88 22 -56 -68 -74 83 -96 27 -99 21 -7 63 -52 22 61 -68 
22 100 85 0 49 -61 85 31 39 76 -56 -13 -35 99 58 13 
21 13 16 1 27 -25 -3 31 72 -43 89 65 84 -99 36 67 
24 11 -78 -94 -39 -53 31 100 13 -74 50 37 71 72 70 79 
98 -25 54 33 10 -10 50 -50 92 38 -25 -5 30 -66 43 -59 
38 -86 -33 -25 -48 59 -55 -71 -86 -76 -90 25 -4 -74 0 -65 
41 -34 39 59 4 71 -38 46 -63 -51 31 23 -99 -94 -100 28 
7 -81 65 28 -69 -97 5 68 70 87 -74 -2 53 -24 50 100 
-18 17 -53 24 -24 14 -66 -95 39 -76 -2 -95 38 -1 -28 71 
-55 -51 -85 -7 6 -27 37 43 -29 5 -18 -32 -80 -77 -49 11 
38 -90 -48 46 -63 38 -74 92 88 -60 37 3 4 1 68 -15 
-62 38 -7 -9 3 -14 -16 42 19 89 -81 -25 44 82 53 97 
7 100 -33 27 66 89 65 -99 -68 -75 44 -31 -62 8 -78 97 
-9 37 18 23 -58 92 8 79 79 55 21 78 -41 64 56 72 
-53 -82 -57 1 25 50 -42 63 71 41 43 3 -28 -62 64 -59 
6 32 25 -63 -61 -74 69 15 -85 -63 42 64 65 -68 -34 -91 
-29 -1 37 -69 -1 61 3 77 86 -12 24 -96 88 -17 72 -49 
78 -54 -13 -50 -36 9 14 26 98 73 0 -87 -34 -89 44 45 
87 58 24 83 35 -53 37 -19 95 52 -100 -36 -95 62 93 31 
14 28 -12 -51 60 -37 -28 56 -30 -35 -98 -60 35 -35 -47 2 
