-98 -93 -65 24 81 -72 29 -50 37 -19 42 21 -94 92 -90 -30 99 -75 -91 52 -53 25 98 88 60 94 39 81 3 -29 -89 -5 -44 0 27 27 -3 22 40 -2 -89 77 78 98 -96 -97 -10 -35 -17 20 -67 54 0 0 0 0 0 0 0 0 0 0 0 0 
96 17 -90 -89 92 -87 -23 -13 -83 12 44 -98 -31 -36 -71 -16 -2 -97 -96 -90 -51 -85 46 -91 35 -4 -40 -49 1 -24 0 -95 95 -95 -34 -94 18 -70 96 -83 15 -55 24 63 -18 -16 -56 -26 43 58 53 -65 0 0 0 0 0 0 0 0 0 0 0 0 
-26 -64 99 55 -20 91 71 32 -93 36 31 -84 -72 -17 0 -54 -99 -18 -40 0 -88 48 16 -34 94 43 88 -15 -18 29 -62 -48 -78 -68 49 -91 -57 -1 9 97 -29 67 -39 45 -8 -63 9 13 -26 -53 -25 99 0 0 0 0 0 0 0 0 0 0 0 0 
51 -3 -64 -93 -25 -31 -94 -72 -88 32 -58 2 -99 -76 4 51 42 -63 47 39 -99 -18 -64 82 46 26 -44 5 -65 -98 -68 -23 81 -98 -5 11 -76 -89 39 -10 -14 -61 70 65 68 7 -54 66 41 9 -58 -76 0 0 0 0 0 0 0 0 0 0 0 0 
-70 64 -1 36 85 89 36 14 29 22 18 -98 -21 -99 -66 35 31 -69 56 65 93 71 75 64 66 0 -55 -70 -99 77 -92 21 -96 16 -45 78 38 -2 -3 91 70 -50 -7 35 -82 13 -78 -70 -66 -65 -40 -1 0 0 0 0 0 0 0 0 0 0 0 0 
26 -99 -18 -67 84 80 -37 42 -67 -17 -83 72 -33 99 -30 -44 80 73 -72 -63 -34 -18 -80 47 70 -9 -59 -17 91 -9 100 -87 -41 -71 -49 -89 89 -42 -34 -11 97 76 -28 -72 -92 99 -20 -8 -45 -64 -37 5 0 0 0 0 0 0 0 0 0 0 0 0 
7 32 -59 -12 -78 -75 -8 80 30 56 -64 26 -50 -37 96 -84 -51 45 -79 -18 -21 53 -84 -75 -37 -16 -46 44 -66 -29 75 26 88 80 97 -99 -90 54 7 -10 -59 27 -52 81 -14 34 -80 70 53 -84 -12 38 0 0 0 0 0 0 0 0 0 0 0 0 
-61 -99 85 66 -25 70 66 4 -88 -31 77 -55 6 68 -19 82 51 -97 35 2 94 -14 66 -84 27 -99 -13 75 -40 -86 99 90 -54 -25 96 35 54 97 89 4 -50 94 -48 -86 -94 53 -33 51 34 -5 79 -54 0 0 0 0 0 0 0 0 0 0 0 0 
-77 -3 -9 -46 -86 81 -57 -40 -45 -74 50 75 16 50 17 86 -14 -39 -87 -86 -25 67 25 8 -9 61 -81 77 -19 72 35 78 -90 -99 -95 -22 -61 -43 4 87 17 79 -88 -6 54 -62 -85 -91 95 29 2 9 0 0 0 0 0 0 0 0 0 0 0 0 
85 99 60 -2 -30 67 33 2 73 2 -72 80 51 -62 10 64 58 53 -90 -33 70 87 92 -28 72 43 -55 -81 -8 -27 -81 -80 -11 -51 55 -90 -58 99 98 61 -53 43 80 17 -10 -50 -15 0 64 38 -55 -79 0 0 0 0 0 0 0 0 0 0 0 0 
90 37 4 -29 3 -19 89 21 -22 86 -16 15 -88 -48 88 -3 96 68 19 -46 -34 -19 18 33 -1 77 -23 -49 91 -24 75 -37 -68 10 -69 79 -1 -36 -90 84 -32 42 75 86 66 52 8 -32 71 58 15 51 0 0 0 0 0 0 0 0 0 0 0 0 
-94 -78 -11 -25 87 -63 44 -75 41 38 -72 75 -58 -85 -10 -89 -89 -54 -38 39 3 97 96 -74 24 -22 -8 -72 27 69 89 56 91 -10 -14 -68 -18 16 20 47 -71 36 27 -89 -27 8 -30 36 61 -44 -10 78 0 0 0 0 0 0 0 0 0 0 0 0 
37 21 -55 92 -30 -72 99 11 -32 20 -75 44 66 -9 -31 -26 39 98 -84 91 71 53 46 -95 96 64 -34 6 -54 -33 97 52 55 56 54 25 16 -51 33 41 -15 50 13 80 40 81 -22 -67 66 -82 -74 -87 0 0 0 0 0 0 0 0 0 0 0 0 
6 -11 -81 -27 71 -67 -75 66 -34 79 -38 -47 51 33 -99 3 -51 -82 -36 91 67 35 73 -71 -97 78 -42 -52 27 -47 -50 75 55 92 -18 5 -34 -8 35 -22 45 71 58 44 95 -94 7 -89 68 25 42 15 0 0 0 0 0 0 0 0 0 0 0 0 
-53 35 -75 30 -92 97 65 -68 -74 14 -22 6 98 -56 -51 53 -100 2 -16 -79 52 -86 -88 2 27 -58 -72 100 -57 -34 1 -53 -97 34 -31 -89 27 -33 71 -69 63 85 -44 25 -69 -35 -81 48 -77 -83 6 -82 0 0 0 0 0 0 0 0 0 0 0 0 
-31 40 43 75 21 24 -14 17 7 -68 12 96 -15 -100 25 8 8 -56 93 -20 50 -1 66 -77 98 -3 -71 -89 12 65 -84 55 5 91 -70 -40 24 -92 32 -22 -80 32 -72 -91 -82 -4 61 75 100 48 -10 -65 0 0 0 0 0 0 0 0 0 0 0 0 
-27 -100 45 0 75 12 72 -61 -13 -25 -72 -63 -48 43 -2 66 34 77 -40 -56 -71 8 55 -69 12 42 91 -27 62 66 -85 -77 28 53 -74 25 -48 -53 -54 -28 -57 -83 55 -100 63 68 91 29 -92 85 26 36 0 0 0 0 0 0 0 0 0 0 0 0 
99 -41 55 -26 44 -60 -26 -8 33 25 8 -78 87 41 46 -12 38 71 -79 -71 38 56 18 31 82 -20 11 -25 -44 76 18 -1 19 -89 -9 -67 -71 -28 69 36 -78 -80 81 13 19 -42 73 97 9 -11 -25 -1 0 0 0 0 0 0 0 0 0 0 0 0 
35 -67 -15 -36 -19 16 -78 73 -16 -20 53 81 93 -92 23 -72 -76 18 47 -38 80 -30 78 14 40 22 21 -82 43 20 36 84 -99 -47 60 -32 90 -93 -36 6 -58 -47 89 -89 -87 -6 13 89 -14 -95 94 -10 0 0 0 0 0 0 0 0 0 0 0 0 
86 -42 -44 -58 24 -43 -20 -67 -62 -1 -95 -63 100 -54 -68 -97 -44 -35 55 -98 -38 85 -31 3 22 25 11 -19 -27 -73 -97 33 -37 42 49 46 -71 -98 -52 61 78 4 56 73 -8 -66 39 47 73 -96 5 -30 0 0 0 0 0 0 0 0 0 0 0 0 
31 57 25 51 -61 89 -64 26 -46 25 -66 44 35 -92 -62 -13 -53 6 -68 14 -35 33 -10 -46 -58 -78 53 -10 -28 -63 -1 -6 -34 -43 -66 -72 8 -96 14 -100 85 -66 31 41 26 -22 -84 -28 60 67 -66 -62 0 0 0 0 0 0 0 0 0 0 0 0 
-45 44 -27 -6 0 49 -26 51 2 63 100 -8 -40 -89 71 12 -71 97 89 -19 99 -60 -58 -38 79 35 -45 80 36 0 -25 0 -44 11 -35 -25 60 45 -27 28 -71 18 85 44 33 81 79 10 87 49 -56 -70 0 0 0 0 0 0 0 0 0 0 0 0 
-91 99 -94 -14 51 -20 25 -95 -70 53 -66 11 -47 41 84 69 72 -41 16 -70 -59 93 -90 -70 44 80 -1 6 -29 -34 38 -49 17 -28 73 24 53 29 61 -11 -79 87 29 -62 82 -13 -7 -35 -47 42 -82 -48 0 0 0 0 0 0 0 0 0 0 0 0 
93 72 97 14 65 -42 41 -12 53 25 17 -4 20 37 41 31 -67 -85 80 -44 57 -4 -61 73 34 88 -69 -86 68 38 95 72 -21 91 -70 -84 -55 33 -60 -70 -17 56 58 59 -75 33 -47 -61 -92 -42 97 -76 0 0 0 0 0 0 0 0 0 0 0 0 
71 -89 73 5 -63 24 -5 -66 -65 -9 55 6 -51 -26 47 73 74 71 -42 -38 -46 -4 -71 24 -71 -52 48 89 77 -70 -66 -3 25 41 70 41 -23 40 -97 -83 98 -94 3 56 47 -79 18 -49 -98 87 -53 0 0 0 0 0 0 0 0 0 0 0 0 0 
-70 76 15 -48 17 51 -16 -15 50 3 93 79 -74 -4 71 26 39 -49 -85 -15 49 -47 86 99 89 -49 34 18 -71 53 50 -4 65 42 -47 79 70 -28 1 26 71 7 29 -78 72 -57 81 -30 -75 -28 -26 -6 0 0 0 0 0 0 0 0 0 0 0 0 
-85 25 76 80 19 -33 35 20 -47 92 53 -47 -52 71 -2 26 -85 -74 47 -94 -76 -76 -8 -52 34 12 -62 37 -18 -49 70 -18 -4 -58 91 -4 52 -18 76 -83 15 89 12 -5 -14 -47 -33 10 -98 -36 70 82 0 0 0 0 0 0 0 0 0 0 0 0 
78 -15 94 -81 70 31 23 -29 -44 91 -87 -49 12 -54 65 -78 100 -95 -71 29 23 17 -26 -67 48 90 69 73 -58 19 32 64 65 -60 -22 -44 -30 -8 -39 -55 76 19 -95 0 -22 53 -17 -13 -2 30 -37 55 0 0 0 0 0 0 0 0 0 0 0 0 
95 -67 24 -7 -25 -19 -37 42 -63 39 -33 15 83 -39 40 -20 53 65 -95 -98 99 55 11 -8 -77 15 -43 25 39 5 24 -11 -98 -23 3 -13 -3 61 46 28 40 0 -63 78 -11 -72 -29 46 -62 -18 -14 95 0 0 0 0 0 0 0 0 0 0 0 0 
7 -62 -94 67 -32 60 -22 15 -70 -70 -3 -4 -77 41 25 36 -33 61 -20 2 59 3 15 70 -5 -23 -94 61 -28 -25 -97 -19 66 -39 38 -75 -32 -65 -37 -56 32 -88 82 28 -44 -7 40 -33 80 -35 -26 -12 0 0 0 0 0 0 0 0 0 0 0 0 
-5 -38 22 98 -52 -13 72 -16 90 3 53 -22 42 58 74 -1 -42 62 -28 -56 -66 19 41 40 -23 33 65 -70 26 -11 -98 13 5 4 -51 56 -21 89 -100 42 -92 87 -31 93 81 31 42 -91 -40 -51 -59 58 0 0 0 0 0 0 0 0 0 0 0 0 
-95 46 6 -57 57 -2 -54 -83 68 -89 81 -92 -50 96 20 -50 50 50 -8 1 91 -100 71 -85 59 8 -43 80 65 75 25 -27 -66 0 -30 -67 -38 76 34 60 68 -27 -3 -85 70 98 -85 82 71 4 79 6 0 0 0 0 0 0 0 0 0 0 0 0 
13 64 2 -58 37 92 99 -75 -91 -22 35 94 82 -12 -45 -17 -98 -25 87 -91 -36 -65 -37 58 74 -57 -62 -21 12 -81 -46 -61 73 92 100 61 -2 -11 -78 100 60 -50 -4 -26 92 15 -100 -42 86 88 -33 -94 0 0 0 0 0 0 0 0 0 0 0 0 
-70 -85 21 -70 79 -98 -68 42 81 -96 38 -55 16 -32 82 51 1 -97 83 79 -9 70 -79 -60 -36 16 57 -95 11 -81 -38 48 -12 -50 72 64 -95 35 -36 77 72 16 69 -26 -55 89 -88 91 32 65 54 38 0 0 0 0 0 0 0 0 0 0 0 0 
-17 -20 21 -81 60 -16 -88 99 -38 78 71 11 -13 -57 53 -23 -3 -14 -94 70 -42 83 91 39 -28 -87 68 -61 96 44 4 -76 -80 -1 -15 -9 -38 -63 -79 -61 -76 -69 -31 97 -70 81 -76 -39 98 -73 96 -18 0 0 0 0 0 0 0 0 0 0 0 0 
-67 49 -40 92 86 65 -66 -64 36 45 -79 -40 42 -35 -31 35 -68 18 -47 39 -25 -89 94 -37 32 52 15 -88 73 -29 -93 -70 62 91 -33 -83 -97 -97 96 90 -45 30 71 89 56 13 85 11 86 -35 94 -70 0 0 0 0 0 0 0 0 0 0 0 0 
-17 94 -45 87 -37 -16 -91 -49 -85 58 45 48 60 97 100 35 55 99 -77 40 -50 9 27 44 -66 -73 -17 -11 71 3 5 23 47 3 86 30 -24 -23 71 -94 25 -35 2 -69 -46 -90 -100 8 36 -68 -94 -41 0 0 0 0 0 0 0 0 0 0 0 0 
-99 -87 53 9 -45 -31 6 -4 -12 -39 -93 45 58 -34 -12 35 -86 78 69 -22 26 -59 43 -50 -52 -74 -32 -44 48 -45 44 48 -2 -74 0 70 34 -9 95 98 66 94 34 60 60 86 -4 -47 3 -6 -98 -5 0 0 0 0 0 0 0 0 0 0 0 0 
-54 11 -63 75 43 68 -39 59 -78 59 19 79 -4 23 20 -60 24 18 47 93 34 78 76 -68 67 -56 -54 85 11 26 46 36 -35 100 3 -53 -30 35 30 40 -22 -14 -69 -1 -68 -53 -34 81 -84 -65 37 -8 0 0 0 0 0 0 0 0 0 0 0 0 
10 61 80 -30 -25 -18 -41 -95 15 -30 86 -53 60 -63 -18 -69 -67 -38 3 91 -20 -17 -93 49 -30 68 -36 -15 55 -18 -16 29 35 -85 -17 -77 -41 -82 -43 24 -77 68 -33 -79 60 -1 -91 -88 -86 -14 92 -36 0 0 0 0 0 0 0 0 0 0 0 0 
-62 -77 -62 -60 -43 -100 87 35 -28 5 -48 -71 100 1 63 -12 -56 -15 23 58 15 -20 -70 21 -65 -96 -81 60 41 -81 90 61 -9 -86 -92 40 -76 -41 58 -94 31 58 100 -82 46 -75 -67 13 89 98 -34 -80 0 0 0 0 0 0 0 0 0 0 0 0 
-4 -27 54 69 -59 89 -21 7 -96 -29 -56 -26 22 1 -78 -87 -3 77 -80 -15 -40 -21 -21 -54 -86 -39 75 -74 -66 -91 -47 88 26 -77 -94 38 -25 -22 -28 -78 15 82 96 -22 -89 -80 55 -36 -26 -63 -37 -45 0 0 0 0 0 0 0 0 0 0 0 0 
30 -57 -58 -15 -93 -12 -44 55 -9 -67 -39 -42 51 88 -40 -50 52 65 30 -49 3 -97 2 8 -45 34 13 36 -12 71 28 -82 65 98 44 54 -27 -71 -82 -89 87 2 -41 94 44 45 -78 100 55 35 74 -30 0 0 0 0 0 0 0 0 0 0 0 0 
49 76 63 43 -15 -92 -78 -44 64 -25 -50 -13 -62 2 96 -90 -18 17 -8 -35 -13 62 -78 -19 92 0 -68 -11 70 -50 33 88 4 -28 -47 -44 82 -68 72 83 -41 -59 -37 99 3 -24 60 88 -69 -3 -85 -4 0 0 0 0 0 0 0 0 0 0 0 0 
-85 61 -99 -66 93 93 -18 28 -64 -88 96 26 -58 53 -31 -34 8 -68 14 18 -50 69 -31 -89 -82 -88 22 44 90 -10 -88 -34 -100 78 93 31 -70 59 51 -15 3 58 -94 -63 -25 -85 41 -15 98 -51 -64 -73 0 0 0 0 0 0 0 0 0 0 0 0 
47 55 -37 -23 -63 35 70 16 57 -62 -90 93 -39 65 -44 -32 6 46 -50 30 -18 90 69 -31 0 98 15 -3 96 -45 -72 14 43 23 73 -34 -43 54 -19 -26 22 16 81 4 -42 -38 67 65 -12 -70 13 -50 0 0 0 0 0 0 0 0 0 0 0 0 
52 37 -24 34 -5 -2 39 82 63 96 5 20 27 -46 -47 -97 -2 -47 -28 37 -24 98 70 -74 29 11 34 -88 -76 70 49 -52 -11 91 -33 96 -88 97 -60 -84 0 -63 -14 -83 15 45 56 -44 -43 67 6 79 0 0 0 0 0 0 0 0 0 0 0 0 
54 -74 54 -26 35 -33 -69 -100 45 95 82 -58 70 -38 48 36 -84 -11 65 -35 66 18 82 93 30 -2 -76 -4 -20 40 12 -72 -38 -64 -33 -44 12 -72 -87 -75 -66 1 -29 35 91 -51 -89 -7 71 48 -49 51 0 0 0 0 0 0 0 0 0 0 0 0 
-20 99 61 -25 31 -28 -82 -99 -38 18 -42 -67 -32 -74 -6 -31 -44 31 7 27 9 -25 -55 -23 -19 -64 68 44 44 -38 75 27 -26 80 49 38 7 -85 -52 95 64 88 84 -91 82 52 56 -62 41 61 12 -53 0 0 0 0 0 0 0 0 0 0 0 0 
30 64 -6 -81 -62 48 -99 -53 54 33 94 55 -10 -47 -12 -84 -64 8 -39 -88 66 3 -86 99 -30 3 -4 -96 58 15 -4 -82 77 -92 71 -32 19 4 -31 -88 98 -12 23 -60 81 91 34 44 60 50 92 5 0 0 0 0 0 0 0 0 0 0 0 0 
83 43 92 38 -2 1 -45 77 -80 -49 -17 -77 -28 -35 -1 65 50 52 51 -8 -10 91 77 71 -68 56 59 33 -47 7 71 -38 84 -96 -31 -85 59 49 -80 97 -95 -27 59 -27 29 33 98 -93 24 -77 -95 81 0 0 0 0 0 0 0 0 0 0 0 0 
-68 -77 30 -40 -63 22 -62 -20 -91 24 -62 -91 44 -1 -34 -57 -98 -74 4 14 20 0 -68 -66 39 -93 -4 34 36 32 -62 56 99 94 -40 94 -43 -4 -6 -40 -89 -70 -37 0 93 86 -40 -31 -87 -41 60 33 0 0 0 0 0 0 0 0 0 0 0 0 
0 0 0 0 0 0 0 0 0 0 0 0 0 0 0 0 0 0 0 0 0 0 0 0 0 0 0 0 0 0 0 0 0 0 0 0 0 0 0 0 0 0 0 0 0 0 0 0 0 0 0 0 0 0 0 0 0 0 0 0 0 0 0 0 
0 0 0 0 0 0 0 0 0 0 0 0 0 0 0 0 0 0 0 0 0 0 0 0 0 0 0 0 0 0 0 0 0 0 0 0 0 0 0 0 0 0 0 0 0 0 0 0 0 0 0 0 0 0 0 0 0 0 0 0 0 0 0 0 
0 0 0 0 0 0 0 0 0 0 0 0 0 0 0 0 0 0 0 0 0 0 0 0 0 0 0 0 0 0 0 0 0 0 0 0 0 0 0 0 0 0 0 0 0 0 0 0 0 0 0 0 0 0 0 0 0 0 0 0 0 0 0 0 
0 0 0 0 0 0 0 0 0 0 0 0 0 0 0 0 0 0 0 0 0 0 0 0 0 0 0 0 0 0 0 0 0 0 0 0 0 0 0 0 0 0 0 0 0 0 0 0 0 0 0 0 0 0 0 0 0 0 0 0 0 0 0 0 
0 0 0 0 0 0 0 0 0 0 0 0 0 0 0 0 0 0 0 0 0 0 0 0 0 0 0 0 0 0 0 0 0 0 0 0 0 0 0 0 0 0 0 0 0 0 0 0 0 0 0 0 0 0 0 0 0 0 0 0 0 0 0 0 
0 0 0 0 0 0 0 0 0 0 0 0 0 0 0 0 0 0 0 0 0 0 0 0 0 0 0 0 0 0 0 0 0 0 0 0 0 0 0 0 0 0 0 0 0 0 0 0 0 0 0 0 0 0 0 0 0 0 0 0 0 0 0 0 
0 0 0 0 0 0 0 0 0 0 0 0 0 0 0 0 0 0 0 0 0 0 0 0 0 0 0 0 0 0 0 0 0 0 0 0 0 0 0 0 0 0 0 0 0 0 0 0 0 0 0 0 0 0 0 0 0 0 0 0 0 0 0 0 
0 0 0 0 0 0 0 0 0 0 0 0 0 0 0 0 0 0 0 0 0 0 0 0 0 0 0 0 0 0 0 0 0 0 0 0 0 0 0 0 0 0 0 0 0 0 0 0 0 0 0 0 0 0 0 0 0 0 0 0 0 0 0 0 
0 0 0 0 0 0 0 0 0 0 0 0 0 0 0 0 0 0 0 0 0 0 0 0 0 0 0 0 0 0 0 0 0 0 0 0 0 0 0 0 0 0 0 0 0 0 0 0 0 0 0 0 0 0 0 0 0 0 0 0 0 0 0 0 
0 0 0 0 0 0 0 0 0 0 0 0 0 0 0 0 0 0 0 0 0 0 0 0 0 0 0 0 0 0 0 0 0 0 0 0 0 0 0 0 0 0 0 0 0 0 0 0 0 0 0 0 0 0 0 0 0 0 0 0 0 0 0 0 
0 0 0 0 0 0 0 0 0 0 0 0 0 0 0 0 0 0 0 0 0 0 0 0 0 0 0 0 0 0 0 0 0 0 0 0 0 0 0 0 0 0 0 0 0 0 0 0 0 0 0 0 0 0 0 0 0 0 0 0 0 0 0 0 
0 0 0 0 0 0 0 0 0 0 0 0 0 0 0 0 0 0 0 0 0 0 0 0 0 0 0 0 0 0 0 0 0 0 0 0 0 0 0 0 0 0 0 0 0 0 0 0 0 0 0 0 0 0 0 0 0 0 0 0 0 0 0 0 
30 4 10 47 13 -73 44 -62 42 -70 -89 -45 2 25 -81 -38 -21 -12 -27 0 15 82 49 -5 77 84 62 10 58 -61 -3 72 97 -14 -20 50 -10 -51 -72 30 51 29 -4 -52 -43 52 91 -59 25 -73 -43 -82 0 0 0 0 0 0 0 0 0 0 0 0 
87 3 82 9 51 -23 8 -89 51 24 -4 56 -1 -25 -41 2 -17 -60 83 -72 83 -47 87 66 24 79 -55 79 -98 38 89 58 17 79 -56 2 95 -35 -72 -5 -56 22 5 -40 32 63 21 69 42 38 58 78 0 0 0 0 0 0 0 0 0 0 0 0 
-80 -99 -6 -44 -21 -56 -32 4 -24 -54 -40 -42 9 95 -65 -6 -88 -21 -28 20 11 0 32 -18 -67 45 -4 57 -57 78 19 -11 8 -58 -67 51 -13 -57 60 33 14 91 2 31 -23 66 -65 17 74 75 -78 -20 0 0 0 0 0 0 0 0 0 0 0 0 
92 -63 -71 -27 59 4 75 59 36 100 54 75 56 52 91 62 -3 -16 -27 89 85 -23 82 -32 -48 -36 -28 -30 -87 34 24 83 -61 72 -92 -72 -77 38 -28 68 89 -14 92 -63 -48 76 -47 85 -58 90 65 -40 0 0 0 0 0 0 0 0 0 0 0 0 
87 -15 -90 18 -25 63 -45 -30 34 61 38 -26 41 -4 -17 15 99 -17 72 -43 42 -10 -78 -53 32 60 29 -79 79 -73 -68 -87 3 16 0 47 -31 -44 -62 73 -36 64 -50 -25 46 5 91 54 -34 77 9 7 0 0 0 0 0 0 0 0 0 0 0 0 
60 -38 67 -80 10 39 -18 57 -99 51 32 98 70 -56 -68 -62 91 58 7 87 -93 3 60 -78 -5 26 -57 20 43 79 92 92 9 -44 -79 0 37 98 -17 63 -31 -32 35 -9 11 100 72 -60 39 97 -69 73 0 0 0 0 0 0 0 0 0 0 0 0 
75 -65 20 -38 -11 -54 61 12 -2 -62 85 55 59 -39 77 21 71 93 -70 -50 49 41 -16 -88 -83 55 14 79 -50 -25 44 24 74 5 -25 70 95 74 -28 -45 73 -39 0 75 -34 -17 3 -85 -22 15 -3 -6 0 0 0 0 0 0 0 0 0 0 0 0 
-89 -77 72 100 -56 -13 17 -44 -19 71 98 -73 10 -53 45 -20 -53 16 26 -30 -55 -72 -90 55 96 -70 13 -37 -86 27 -65 -62 -42 20 94 100 -80 -1 36 45 -6 60 60 27 31 -32 97 63 -9 66 -92 9 0 0 0 0 0 0 0 0 0 0 0 0 
3 -22 83 92 -77 -27 -58 -41 -9 -80 53 48 -42 -73 41 -49 14 78 -37 28 3 -89 73 4 -35 13 95 -92 -29 -90 -69 -50 29 1 -31 -39 -49 -18 -98 59 -6 89 33 -67 -78 85 99 87 40 -67 31 -25 0 0 0 0 0 0 0 0 0 0 0 0 
58 51 -1 51 57 57 9 74 57 67 -97 -33 -35 76 -5 -22 -8 62 -75 39 -75 -82 -51 -63 -91 -9 -31 -97 -46 35 -35 -59 -57 20 -65 88 5 -75 31 -29 -82 -69 -24 96 35 33 -14 86 -54 -81 -41 93 0 0 0 0 0 0 0 0 0 0 0 0 
-95 -84 -70 -5 75 -11 -89 -93 49 13 56 59 -6 93 -94 -50 -68 -64 -42 66 30 -64 -16 0 70 -5 -54 -91 -27 -38 13 27 29 12 -97 -85 -60 -6 -50 -11 -39 54 28 -18 -94 91 -84 82 -62 -48 40 -79 0 0 0 0 0 0 0 0 0 0 0 0 
46 56 -17 -32 78 -14 79 43 11 -38 17 -73 -40 -19 38 72 20 -57 41 40 -44 2 -24 -87 80 -55 0 27 -22 -26 49 -37 -96 37 9 -14 -59 -83 -63 49 79 11 92 -32 -4 32 -73 -34 -83 -90 61 -24 0 0 0 0 0 0 0 0 0 0 0 0 
94 -40 -38 52 55 -94 -49 77 6 68 65 -58 69 -37 26 55 67 61 -94 -19 42 29 88 -91 77 -47 64 42 -15 -42 -53 -19 -34 69 -8 -42 75 26 63 -68 -96 9 -87 48 3 1 -23 -50 -19 21 47 75 0 0 0 0 0 0 0 0 0 0 0 0 
96 -46 -84 48 -97 50 77 -5 83 30 79 79 5 7 25 -59 31 -23 21 -53 53 68 5 34 -95 -52 -80 79 4 36 61 39 -35 -92 39 14 96 100 72 -95 57 -82 74 50 -45 -93 -33 36 44 89 -59 54 0 0 0 0 0 0 0 0 0 0 0 0 
-38 49 -88 -45 6 -15 55 20 14 -18 -34 90 -21 -95 -88 92 -87 -27 -83 -26 -55 17 38 -23 -12 -20 90 83 -8 -54 -32 -37 15 -85 82 -94 -38 71 -63 -34 63 -87 -10 2 23 66 -12 -15 -94 68 -83 3 0 0 0 0 0 0 0 0 0 0 0 0 
27 -100 5 36 39 -7 47 57 -42 -85 7 27 -52 54 -85 82 77 55 -53 -60 -4 -89 -31 87 90 -66 -89 -93 19 17 15 -15 17 -67 56 74 -43 70 33 -100 -15 -81 17 -60 46 36 0 -24 -13 -33 6 -50 0 0 0 0 0 0 0 0 0 0 0 0 
-70 -84 35 -76 9 74 3 23 94 -6 12 -61 -33 -100 66 91 -93 75 -16 -20 -77 1 -63 46 -39 18 -85 44 17 86 -19 -84 97 -47 -58 -85 -5 4 93 88 -55 10 74 -34 22 66 34 95 -3 -6 -97 -46 0 0 0 0 0 0 0 0 0 0 0 0 
6 22 52 11 60 -94 55 8 2 58 92 -84 -21 -36 -88 14 -8 58 64 -87 88 -42 69 32 -27 73 -21 56 -50 -93 -94 -62 21 72 51 -40 -55 -91 -92 -76 -13 -2 65 47 -58 11 77 -56 30 93 92 -76 0 0 0 0 0 0 0 0 0 0 0 0 
-82 -39 0 -87 43 -36 -55 -33 -19 58 19 74 46 -1 78 1 81 54 58 -82 -12 80 84 -43 35 -22 48 -86 29 88 -26 26 90 46 -22 55 -58 39 -20 -34 69 33 -15 97 1 -81 100 4 53 -86 50 68 0 0 0 0 0 0 0 0 0 0 0 0 
-14 9 -88 32 -65 -8 25 80 -28 -63 -31 -41 -69 -16 -16 70 -23 -20 -16 100 -58 -26 10 -73 23 -80 6 -81 -21 -82 71 88 -91 -27 -26 -9 -27 36 54 -63 -28 -99 -80 -63 -18 77 -33 -17 -48 20 93 -6 0 0 0 0 0 0 0 0 0 0 0 0 
-1 -51 -70 39 -5 -44 35 -19 70 -54 64 -82 51 53 64 -43 -54 85 -51 -2 -14 34 -40 -77 -44 47 14 99 18 15 -95 69 75 -39 -43 -64 33 66 17 33 -3 -50 -38 -4 -3 27 -10 30 100 28 2 79 0 0 0 0 0 0 0 0 0 0 0 0 
-54 3 25 71 9 -54 -19 -92 78 48 -13 -59 85 58 -26 65 -39 44 22 79 5 60 -10 -9 83 -100 -81 25 37 78 73 60 -10 89 29 -81 47 -66 30 -66 21 13 -80 -60 -61 45 58 -91 -93 -29 -22 68 0 0 0 0 0 0 0 0 0 0 0 0 
-70 -15 53 66 -90 -13 5 75 -51 -76 80 -52 -31 99 51 39 66 -94 -91 22 -2 70 -1 -4 -11 -99 -36 -30 -2 -40 -53 77 -40 86 -91 -60 78 11 -5 60 -14 -24 51 -100 -84 78 -25 -38 8 -9 70 -30 0 0 0 0 0 0 0 0 0 0 0 0 
39 44 -4 -37 60 -99 60 -39 -90 64 64 73 -67 -23 57 -56 -37 2 -23 -24 -31 95 -59 -11 -79 -68 92 -25 8 -92 78 -47 68 59 -21 42 -87 20 -31 0 9 -10 89 69 52 41 42 -19 0 17 -48 87 0 0 0 0 0 0 0 0 0 0 0 0 
-27 36 51 -79 -36 97 72 17 -34 98 46 -7 74 -84 -14 24 -51 -28 47 -66 34 -2 83 74 62 14 71 -27 5 -27 23 -30 -50 -42 5 -52 -20 -26 95 -14 -24 57 -31 -59 90 -85 -13 82 -9 14 -20 -70 0 0 0 0 0 0 0 0 0 0 0 0 
67 -52 -50 26 59 -69 -28 -7 -56 86 -27 -94 -4 -4 76 10 53 -91 89 -28 -19 -31 8 -30 10 -58 27 4 29 9 -84 19 37 91 17 -60 25 -1 -92 -99 0 54 2 40 -100 95 100 -91 70 94 22 79 0 0 0 0 0 0 0 0 0 0 0 0 
-81 -20 -57 92 73 24 -94 -32 -52 -63 62 -21 -95 99 22 92 10 20 -7 70 75 2 -40 40 -78 -74 29 99 48 -98 44 8 -67 73 7 -35 26 18 -5 -35 -57 10 -60 98 -27 -90 0 4 10 77 66 38 0 0 0 0 0 0 0 0 0 0 0 0 
-31 -16 0 17 0 -86 13 -60 81 -69 13 -61 75 -44 45 -49 58 -65 -84 -59 -11 -3 20 52 -35 -53 -53 11 97 61 33 -100 96 -10 -18 -85 66 19 -52 87 84 53 -17 49 -31 86 -33 20 79 51 -83 48 0 0 0 0 0 0 0 0 0 0 0 0 
45 -60 59 6 0 88 -58 -25 40 -83 11 -27 85 -57 99 -36 47 -15 99 -99 -26 2 -19 -75 50 26 71 58 37 83 -80 43 90 76 38 57 -76 64 -15 14 31 80 50 -94 11 13 5 -38 90 50 87 -86 0 0 0 0 0 0 0 0 0 0 0 0 
83 66 63 53 7 39 72 -6 -50 -13 67 96 68 94 -57 -51 -70 39 11 -41 -85 88 57 46 -14 -3 14 69 99 22 93 6 17 -37 66 52 46 44 28 -59 3 80 -51 5 46 62 0 96 58 68 43 45 0 0 0 0 0 0 0 0 0 0 0 0 
-71 -27 -96 81 87 89 -81 -57 -20 18 -41 -66 -47 58 11 -60 -40 -86 -11 -56 66 -11 -36 88 -79 -57 54 -56 -80 -70 5 28 45 -94 74 69 -51 -40 -39 76 16 -91 16 2 49 84 23 -43 79 -92 -23 -37 0 0 0 0 0 0 0 0 0 0 0 0 
35 58 3 62 -41 58 -100 77 65 26 -95 -18 -59 -26 64 77 40 23 61 -99 95 -63 55 -78 4 5 37 -34 11 32 6 66 75 -7 -74 -69 -94 15 42 -95 87 57 11 -43 -4 78 -5 49 56 -17 67 -70 0 0 0 0 0 0 0 0 0 0 0 0 
-92 -29 4 -83 18 -61 67 67 -55 -23 -81 -35 40 32 -11 13 92 15 64 15 100 -3 -86 -40 46 75 39 41 28 -22 67 -13 -65 -10 100 78 -24 11 -20 -20 -85 14 -40 96 34 58 31 55 -39 26 33 75 0 0 0 0 0 0 0 0 0 0 0 0 
11 -96 -57 50 -9 -31 33 49 99 23 59 -29 53 37 6 -46 -74 35 -47 -37 -92 -95 -71 -52 10 -28 20 -73 81 49 0 27 -4 -40 -88 37 35 24 94 67 24 51 -87 -71 83 53 -10 85 68 -83 -78 9 0 0 0 0 0 0 0 0 0 0 0 0 
-59 38 95 13 21 -88 -97 45 -34 48 30 -31 54 77 59 7 49 65 78 -26 -10 -27 -49 -98 -84 50 84 12 61 -27 86 -21 98 30 76 65 -33 30 77 89 75 46 82 49 -73 -88 -29 -8 32 -85 21 40 0 0 0 0 0 0 0 0 0 0 0 0 
69 75 10 42 -77 56 -52 72 -38 -100 37 85 12 89 45 0 53 66 -23 -24 42 45 54 84 74 -29 88 -63 -76 -55 -98 -60 98 -84 0 -37 6 -48 44 88 -74 55 -9 28 19 7 -24 18 -74 -54 94 -67 0 0 0 0 0 0 0 0 0 0 0 0 
-11 -2 -18 -31 -1 93 24 -88 -65 -63 -68 -98 87 66 97 -34 74 97 14 -55 -58 61 -58 19 -23 -100 30 66 35 81 67 9 83 65 -46 -28 7 23 2 -7 -51 -12 53 6 54 -9 11 -52 -28 -25 4 48 0 0 0 0 0 0 0 0 0 0 0 0 
4 -41 -14 69 -25 -56 -21 -84 -60 -84 -49 -61 -72 -100 -92 -61 -37 -96 8 -29 -22 44 100 15 33 -11 -31 -75 44 -5 -18 87 -91 -54 -72 67 81 32 82 -72 -37 -43 46 81 -14 42 34 92 -51 81 -13 -68 0 0 0 0 0 0 0 0 0 0 0 0 
59 -92 38 92 86 -88 -79 -15 -61 68 -61 0 89 -17 -33 43 89 -67 -82 47 -31 -85 -53 -66 38 -78 -83 -20 27 41 -2 36 -15 89 31 -65 45 -87 -2 -2 50 -76 -40 -76 -51 -66 -46 -83 37 -80 -21 -95 0 0 0 0 0 0 0 0 0 0 0 0 
-52 -96 79 -71 -87 -75 -95 58 -5 -14 16 -94 -29 0 15 -33 82 12 95 -23 -32 59 -15 -38 -59 -33 -34 68 3 -70 -64 3 51 -72 81 -7 -5 11 37 8 67 20 8 81 -86 -84 -98 -74 24 -28 61 94 0 0 0 0 0 0 0 0 0 0 0 0 
64 -34 -50 83 -93 -87 -82 14 55 73 -33 77 -38 88 -11 -53 -52 -30 54 -58 -64 -33 -93 54 -11 -36 81 67 75 -25 17 -86 72 20 -46 -35 -60 30 -49 -29 31 -2 -99 11 -26 89 -35 -65 -97 14 -38 68 0 0 0 0 0 0 0 0 0 0 0 0 
-17 41 18 32 -54 -73 -46 -50 -83 10 -85 -84 17 -48 -42 -39 -52 54 78 62 -58 25 -55 -22 -2 -48 -88 35 17 -88 -55 59 59 91 -4 55 -27 -95 -61 -67 -79 -25 65 -89 -90 -20 70 -31 91 17 -81 -46 0 0 0 0 0 0 0 0 0 0 0 0 
-51 -21 90 -16 -20 9 81 -95 -82 13 -63 42 51 -4 67 77 -40 -7 7 -1 -94 -85 -15 -27 -48 -3 100 42 -32 -56 34 -33 -10 -38 14 86 18 93 -77 -47 59 -8 -53 -91 -43 -14 63 69 89 -79 -46 74 0 0 0 0 0 0 0 0 0 0 0 0 
79 10 -49 -77 29 77 44 93 30 9 -58 -88 -42 73 -82 77 -68 86 9 23 -89 -58 53 -60 38 -82 73 42 7 44 -24 -63 -7 87 -87 86 -14 -40 -93 -42 23 -77 -15 1 36 6 -29 -28 -38 -66 -77 68 0 0 0 0 0 0 0 0 0 0 0 0 
72 -48 -85 69 5 21 60 -56 -75 -73 57 15 -46 -12 -42 50 -46 -6 96 35 47 -67 -11 -70 68 70 54 -55 61 81 41 -71 90 -94 -81 -70 25 -78 2 -94 -83 -95 20 87 -36 42 -26 86 -82 64 -47 69 0 0 0 0 0 0 0 0 0 0 0 0 
-42 -66 81 27 -98 29 35 -8 13 81 -77 12 49 93 98 51 -88 -57 -2 55 20 -81 -44 33 83 -12 10 -20 -94 90 90 84 81 39 100 -7 -21 100 25 -5 96 -49 -19 -40 -13 0 -45 -22 -88 86 -67 -16 0 0 0 0 0 0 0 0 0 0 0 0 
34 -91 62 67 27 9 86 -79 2 -85 -42 -20 -56 83 -88 89 -48 81 -57 8 37 -57 25 -27 69 70 18 -29 -1 -33 -5 -5 -59 33 -17 70 9 42 41 32 68 -15 93 59 -62 -38 -8 9 75 -91 49 34 0 0 0 0 0 0 0 0 0 0 0 0 
-53 39 -11 40 99 3 40 96 -74 -84 56 78 23 -98 28 96 -58 -22 -40 -96 -66 -58 -8 -89 62 0 53 30 77 85 -35 -89 -34 -67 93 76 73 18 -15 -52 40 -5 -32 -9 41 -31 80 -98 42 26 -82 -24 0 0 0 0 0 0 0 0 0 0 0 0 
95 90 7 70 57 10 53 -65 66 64 -14 88 85 71 42 12 4 10 -53 -57 -94 -12 -2 19 54 21 -38 -19 42 -24 -23 -69 42 -90 -93 -83 68 50 -20 93 96 -56 -30 -12 35 -37 74 100 -84 67 0 -15 0 0 0 0 0 0 0 0 0 0 0 0 
97 -12 54 -51 -17 -86 94 -3 13 58 66 -50 40 -6 -35 72 -53 -80 6 4 -41 -33 8 -79 -59 41 91 -21 61 -87 27 13 61 17 84 -75 -20 78 -22 -99 81 -49 22 -96 8 -81 -26 -83 -44 57 60 2 0 0 0 0 0 0 0 0 0 0 0 0 
-51 -9 -17 -40 -32 -26 -83 40 -55 -71 62 -54 -45 80 85 -89 -54 -23 -80 86 83 -69 -84 2 65 58 45 -56 -7 53 2 24 75 46 -53 -76 -77 29 -58 -43 90 -97 99 -76 49 86 -50 1 -54 73 83 -65 0 0 0 0 0 0 0 0 0 0 0 0 
-81 24 -44 89 53 99 -57 -6 36 -19 34 -95 -73 -63 -19 -78 -93 -66 57 -65 -85 -55 56 34 59 -69 -79 -48 80 27 48 38 23 42 45 -5 68 72 -36 40 94 27 -64 -2 86 28 100 -58 89 -44 -32 -56 0 0 0 0 0 0 0 0 0 0 0 0 
0 0 0 0 0 0 0 0 0 0 0 0 0 0 0 0 0 0 0 0 0 0 0 0 0 0 0 0 0 0 0 0 0 0 0 0 0 0 0 0 0 0 0 0 0 0 0 0 0 0 0 0 0 0 0 0 0 0 0 0 0 0 0 0 
0 0 0 0 0 0 0 0 0 0 0 0 0 0 0 0 0 0 0 0 0 0 0 0 0 0 0 0 0 0 0 0 0 0 0 0 0 0 0 0 0 0 0 0 0 0 0 0 0 0 0 0 0 0 0 0 0 0 0 0 0 0 0 0 
0 0 0 0 0 0 0 0 0 0 0 0 0 0 0 0 0 0 0 0 0 0 0 0 0 0 0 0 0 0 0 0 0 0 0 0 0 0 0 0 0 0 0 0 0 0 0 0 0 0 0 0 0 0 0 0 0 0 0 0 0 0 0 0 
0 0 0 0 0 0 0 0 0 0 0 0 0 0 0 0 0 0 0 0 0 0 0 0 0 0 0 0 0 0 0 0 0 0 0 0 0 0 0 0 0 0 0 0 0 0 0 0 0 0 0 0 0 0 0 0 0 0 0 0 0 0 0 0 
0 0 0 0 0 0 0 0 0 0 0 0 0 0 0 0 0 0 0 0 0 0 0 0 0 0 0 0 0 0 0 0 0 0 0 0 0 0 0 0 0 0 0 0 0 0 0 0 0 0 0 0 0 0 0 0 0 0 0 0 0 0 0 0 
0 0 0 0 0 0 0 0 0 0 0 0 0 0 0 0 0 0 0 0 0 0 0 0 0 0 0 0 0 0 0 0 0 0 0 0 0 0 0 0 0 0 0 0 0 0 0 0 0 0 0 0 0 0 0 0 0 0 0 0 0 0 0 0 
0 0 0 0 0 0 0 0 0 0 0 0 0 0 0 0 0 0 0 0 0 0 0 0 0 0 0 0 0 0 0 0 0 0 0 0 0 0 0 0 0 0 0 0 0 0 0 0 0 0 0 0 0 0 0 0 0 0 0 0 0 0 0 0 
0 0 0 0 0 0 0 0 0 0 0 0 0 0 0 0 0 0 0 0 0 0 0 0 0 0 0 0 0 0 0 0 0 0 0 0 0 0 0 0 0 0 0 0 0 0 0 0 0 0 0 0 0 0 0 0 0 0 0 0 0 0 0 0 
0 0 0 0 0 0 0 0 0 0 0 0 0 0 0 0 0 0 0 0 0 0 0 0 0 0 0 0 0 0 0 0 0 0 0 0 0 0 0 0 0 0 0 0 0 0 0 0 0 0 0 0 0 0 0 0 0 0 0 0 0 0 0 0 
0 0 0 0 0 0 0 0 0 0 0 0 0 0 0 0 0 0 0 0 0 0 0 0 0 0 0 0 0 0 0 0 0 0 0 0 0 0 0 0 0 0 0 0 0 0 0 0 0 0 0 0 0 0 0 0 0 0 0 0 0 0 0 0 
0 0 0 0 0 0 0 0 0 0 0 0 0 0 0 0 0 0 0 0 0 0 0 0 0 0 0 0 0 0 0 0 0 0 0 0 0 0 0 0 0 0 0 0 0 0 0 0 0 0 0 0 0 0 0 0 0 0 0 0 0 0 0 0 
0 0 0 0 0 0 0 0 0 0 0 0 0 0 0 0 0 0 0 0 0 0 0 0 0 0 0 0 0 0 0 0 0 0 0 0 0 0 0 0 0 0 0 0 0 0 0 0 0 0 0 0 0 0 0 0 0 0 0 0 0 0 0 0 
