-548 44225 10302 -21294 -7534 11199 23857 28605 40974 -31460 -12666 1983 23457 27372 -8728 -2775 18111 1831 -24708 10152 33062 -5674 -2147 -1077 2640 -45795 21453 18498 23347 10387 -23077 24047 19960 -952 -23549 -5700 -15200 -14834 41311 -4747 -22408 -10165 759 13161 2353 -5083 24137 -17139 4477 -13168 11255 29100 0 0 0 0 0 0 0 0 0 0 0 0 
-11396 -9337 6748 -2171 -21034 -30800 17186 13436 3768 -8417 30378 22324 -6199 10365 31919 49367 4057 20465 -19032 -4672 29331 31888 14119 -28775 -25681 -44273 -1558 6708 17530 12745 10967 12101 24401 -42802 -22984 -22856 815 25043 -11001 24217 -6785 -34764 -25833 5078 36390 20774 11336 -29942 -12941 -8089 59035 -32847 0 0 0 0 0 0 0 0 0 0 0 0 
24090 -2709 40154 -3589 -19860 13309 -5801 -54710 2575 59727 -5357 15598 38244 39175 -20324 6670 -13146 -27086 -29947 -41670 2983 -29183 36950 25172 -45119 22470 36023 45577 -5443 -19433 614 5984 -5192 -1318 -9529 26433 26605 -24673 17715 -30623 29580 21763 -13889 9500 11178 17879 -16702 19342 -21117 -8534 16967 23731 0 0 0 0 0 0 0 0 0 0 0 0 
-16021 8049 6431 -32183 -3672 -43336 26224 18383 -25641 7266 -26094 17990 -7496 25135 8359 36719 -26309 -7664 -18644 -24435 19252 19639 19685 -180 25473 -21095 25739 -12828 3551 -33859 -8301 15336 25913 -6377 29889 -11812 15428 11588 -15194 2271 -11741 -17447 -28236 -34164 -35008 -25965 48720 3119 -14382 -20280 17548 -3606 0 0 0 0 0 0 0 0 0 0 0 0 
365 -19558 -9157 -20229 -3021 36858 -26722 2116 12320 -3300 6462 -31242 -1958 -2912 38939 -31412 -12457 -4331 -23161 3664 -47112 -9325 -34166 -1292 -17337 21424 2377 -1700 -523 -20110 -6807 34947 24732 8893 -6089 2020 -37639 25059 -43999 -6967 5812 61612 28525 26666 4779 17111 -26355 -7550 -4285 22092 -2065 -3588 0 0 0 0 0 0 0 0 0 0 0 0 
-12792 -43775 -5769 8226 -36060 15956 3824 -18656 18071 -5361 42323 36781 -9270 9729 60587 -2102 -27012 3196 5078 -4247 25585 14900 7566 30911 -48882 2586 9563 3608 -5574 -10388 32353 4857 -24639 31814 14139 -20639 26544 -24833 13250 -22167 -24170 6572 -856 35614 9988 -4487 -52348 -61523 -14207 23498 37645 -54131 0 0 0 0 0 0 0 0 0 0 0 0 
14290 13220 35328 -8081 8627 -26018 -29310 11681 -25824 26067 -6902 3672 -48299 20884 2923 -4240 -8195 48640 38484 16757 27438 10661 6898 -43938 36890 -6473 35976 15801 -16486 -1595 -6053 -28870 -5122 15374 37306 12684 33015 -10473 41811 -46376 9675 -11651 55161 -7550 -9445 8348 7673 -3365 -10909 44575 -27252 16066 0 0 0 0 0 0 0 0 0 0 0 0 
-13099 -40719 -10250 18173 4448 -28374 -8483 -24368 -24993 33156 3142 -15028 -10667 -10369 -26879 3871 13726 -34888 -33909 21304 -12396 8692 -8798 37197 -3275 51762 -5816 -47681 -9915 -1941 -17654 7458 9994 3578 -33267 -43976 -1070 -38507 -586 -24630 -11042 -494 1589 38483 6635 24859 -11738 -16244 3006 4694 -2197 -17585 0 0 0 0 0 0 0 0 0 0 0 0 
-55029 -28964 -5107 15124 35951 -22959 68522 12554 -14420 14978 -9882 -30490 -3141 8541 17301 12658 -14569 -5676 -46742 1326 -4883 37303 -12251 -1802 19815 -924 -23306 -8592 -32363 -3084 -8728 -7859 -10759 -60119 10954 -23888 14910 -28164 34408 50886 19849 21825 -14970 -23604 -23369 19964 994 30704 -6533 -5020 -16003 -41117 0 0 0 0 0 0 0 0 0 0 0 0 
15270 4763 31102 15043 -3556 -23196 7577 -21716 -1494 28713 62488 17425 -7872 69343 -30756 -14009 41888 -11343 -16563 -8399 26732 519 -18439 -5888 17698 -19112 32526 28835 24404 3589 -13962 28008 -63746 -11486 -17149 -45840 11061 14620 13744 21775 26645 -9456 -32621 -29980 3830 10433 6222 -38447 -7480 14286 32977 12305 0 0 0 0 0 0 0 0 0 0 0 0 
-2721 -3218 -39789 -26151 727 -11640 13467 21013 -4406 8450 17487 21183 51334 -29311 5748 -21554 -18747 -47190 607 -19759 25331 3449 -2399 22331 -3937 39426 -39667 -24049 10423 13346 2481 10982 -557 8228 -16436 15711 -16885 1463 129 -19228 10547 -21280 -17546 43534 10572 -12960 31380 22162 9052 5849 24005 -13636 0 0 0 0 0 0 0 0 0 0 0 0 
27524 -24458 -5279 -24685 -14851 44551 33066 13721 15599 -3474 2943 -22520 720 -32772 20483 6879 -10417 -14266 -28692 15117 -20275 28626 1172 29803 13102 22245 13729 30837 41746 -1876 15557 -1836 22842 24541 -44714 37768 -23772 -10225 -3508 -22824 -2264 54897 12158 20879 -893 41251 -45748 -2363 18648 20150 44063 -13412 0 0 0 0 0 0 0 0 0 0 0 0 
-10250 -13942 -13803 -19433 7886 -20498 2472 48045 8193 -58736 3146 -19855 -19339 10758 11109 -13298 21224 -4478 -12808 -33611 9649 -725 -7320 -20694 -33736 -31940 -4460 22544 56562 -10328 4706 20780 29628 10497 -14330 -22132 -39649 25014 11796 23157 -34946 15798 11810 7188 -19271 2367 -4771 -5875 -29375 -955 5346 7682 0 0 0 0 0 0 0 0 0 0 0 0 
5477 -31755 57882 16360 195 -8168 -11422 40148 -29376 -4584 -17132 25724 -22471 -14715 -7200 22193 561 4602 -8313 26438 -49254 14947 -6860 31978 9769 -11103 23919 3575 7158 -2453 6108 2657 -410 39800 23673 -24247 6097 16500 -5869 -20433 -13983 -18434 -23532 14205 43144 26872 18659 17258 34497 -14914 -19570 -14869 0 0 0 0 0 0 0 0 0 0 0 0 
19719 -16322 -36654 -5539 -1566 -28101 -12082 -5268 -6557 -15572 3772 1079 12108 18237 993 213 -21574 -13749 20706 -64730 46846 8417 24678 11211 280 -10948 -6849 -3789 29325 15522 11269 14106 -6866 10315 23362 11988 2448 8689 17853 -7616 -30168 19260 -6202 -46447 -15612 -9005 26952 -10279 -44460 27760 -1886 8695 0 0 0 0 0 0 0 0 0 0 0 0 
-1685 27946 -33305 -6153 -26318 -35219 17671 11399 -32356 -40905 -10791 -11462 16377 -2518 -17677 -4428 -17768 17028 -25029 20783 47212 33235 22417 -12425 -10604 -12648 -12167 -13239 34626 21874 -12926 2544 42327 526 18442 3909 14887 38613 -9281 3682 -16458 -36112 22433 -41446 -28385 -49237 16562 -16980 -35952 -33983 27168 30029 0 0 0 0 0 0 0 0 0 0 0 0 
-24057 4983 -21532 -20864 19195 -3838 32015 53278 30274 -28050 -18879 -51130 -17457 -823 6487 2266 -30954 -5386 26368 10344 -840 22866 -11900 -16120 17363 -61014 25220 -39951 22173 17488 -12170 44759 18763 34305 656 -2355 -32093 -19694 43093 20375 -40002 -8767 26143 -3225 -33529 2490 -12930 11797 -11561 8747 -15814 -10168 0 0 0 0 0 0 0 0 0 0 0 0 
37860 29629 -4657 27996 -13054 20362 15018 921 10866 2877 3352 3588 -19033 4370 -4067 13514 -2143 12661 10363 7133 -24367 -3688 -28446 3760 6019 1751 -5188 23785 -18344 27859 6107 3351 -42496 -36861 2155 -48919 16866 -5531 2016 21990 16303 -1587 -4642 16114 39698 6937 -11246 641 21752 -20515 33157 -43862 0 0 0 0 0 0 0 0 0 0 0 0 
4970 8148 22784 -7697 -22631 38200 49131 1884 19583 15078 8659 -29483 -24913 28739 8967 -13829 13207 -15350 -25411 20271 -3972 -20415 -36483 -26040 -18204 -20464 -10807 42238 -2305 -25592 10564 13140 1451 9095 -1860 -16874 896 16107 7324 29125 22018 -6370 7728 -2483 -22169 6519 -41986 9425 6976 -51735 37098 -15121 0 0 0 0 0 0 0 0 0 0 0 0 
12359 22774 19947 6850 8534 -6876 27067 30366 -14358 26101 -52732 2632 12741 -22799 -411 -5345 9 -1640 -20842 -2928 -15614 20650 -49843 -13733 12610 14713 -9218 -26711 -3624 27128 -12445 -23225 -3100 -14852 30215 -10469 20137 -9150 -28473 -917 46601 -21109 -4103 31371 4944 23430 6031 45876 29052 -38345 8000 -15648 0 0 0 0 0 0 0 0 0 0 0 0 
-31904 -6548 44116 28165 21548 -34703 -30768 2694 20052 -11885 -32101 30226 3592 -11133 -16913 2309 -9668 22367 27326 7212 -22318 -30035 937 13568 -27565 -28121 16775 11249 -4454 -21969 1094 -8965 -13657 4409 -4743 11042 17171 -22447 19746 -32628 11594 -1973 -31606 38671 -158 -49619 -12329 3568 -7005 5416 -51341 54349 0 0 0 0 0 0 0 0 0 0 0 0 
47568 48255 15938 21248 -15722 27785 -24700 -61571 10033 -964 -22474 45563 19428 -23912 -26746 233 26547 -5568 74594 -39564 2253 -22450 -19487 12484 -27957 10779 19925 8403 -12783 32219 22900 11255 -7038 17283 10426 12946 8652 21315 6481 18363 1711 -22885 -20012 3268 29918 -3283 56121 -21297 37794 22462 -10239 -13513 0 0 0 0 0 0 0 0 0 0 0 0 
-37934 8107 20655 23943 45716 22456 18303 14354 -9034 -44391 1488 -8469 -25066 2472 34835 -23589 -37938 44927 11537 54938 10312 -23972 -31096 -19909 771 -31459 -27474 -7478 -12384 12392 10929 -7149 -8275 21828 40503 4024 70899 -43742 5989 -11841 1677 -20182 3752 7232 -4060 -14365 -14337 -29012 -12725 -22816 -10836 -21122 0 0 0 0 0 0 0 0 0 0 0 0 
-19778 -6292 41009 -31975 -3665 2184 -6239 395 58425 10494 3147 14473 -33338 10623 10011 2402 48413 -7512 -6786 40517 30963 -1763 -4736 -20624 26246 17582 17935 33941 -24290 -29483 -30914 4974 -20010 -6784 -20813 5955 5802 32956 16998 -9811 -16418 7404 -6006 15098 -30845 -42901 -9632 -42652 19758 19361 12898 41452 0 0 0 0 0 0 0 0 0 0 0 0 
2452 16367 -9737 -4312 -46223 -3233 17325 2171 27490 11081 -6352 19664 33505 -27814 -7455 23615 -13530 -13137 -31785 5945 1302 5093 1096 7454 -28521 17241 -2354 9919 11877 -49404 20080 14542 10029 -1458 -2168 -9517 -11895 5482 -761 -15156 16534 -27778 6291 -734 -27801 18588 -3567 29306 26896 -16173 21818 3269 0 0 0 0 0 0 0 0 0 0 0 0 
15024 3023 -8903 -24312 -42423 1564 -11822 -32908 30344 5416 22656 16528 37178 16476 1078 684 -21373 -2890 20548 -46307 -7277 -29489 29475 16090 -31515 16739 1676 -16558 14017 -17496 6561 9373 6346 13834 -29252 24704 10214 29349 3326 -8289 33220 -39065 -8715 8357 8153 -22316 33946 4276 5453 960 32242 19894 0 0 0 0 0 0 0 0 0 0 0 0 
12182 -3778 3625 24569 43922 24605 21248 30020 -42220 -30497 12701 129 12474 -13872 26245 297 -40708 7819 19312 19608 19334 34778 -13564 -4085 -25277 -19188 -10544 21071 21116 33197 16522 -6457 -14451 17581 8019 21508 31170 -16680 -21705 -40584 -7383 20206 701 9649 38922 -3679 -40936 -17233 -3600 -3295 9245 -5873 0 0 0 0 0 0 0 0 0 0 0 0 
7953 -7310 -2301 19266 29394 -41918 4573 12937 -8859 -25067 -40588 -68632 17570 6212 6416 17350 9139 -16318 2642 10571 -44173 13224 12831 20917 15911 -30318 14527 13443 -23089 20196 -39309 47279 30439 -1435 5470 6094 25935 9282 9888 35263 -1017 -22485 57767 -43873 2052 -54678 18485 -17319 2712 29082 -9394 41862 0 0 0 0 0 0 0 0 0 0 0 0 
41036 -7145 -4404 -3873 49916 12614 -38897 4885 16842 -19148 14753 -3085 -11864 18942 8212 31058 16567 -21814 60605 -42080 7439 -3614 7612 -14561 5392 -5268 35614 9415 10562 -39182 55095 -20492 5389 24483 16149 -11261 -34208 -17345 -15428 20386 24012 26427 -9299 -19633 2872 38656 -23766 21162 10412 29181 -8204 -32488 0 0 0 0 0 0 0 0 0 0 0 0 
-23765 -41150 -4398 -27912 44178 -2462 1569 25348 33848 12683 17616 -4256 -39255 9359 -6490 11859 -4298 18453 -45642 -23451 7603 -40702 -16500 -3967 12434 -24933 -23823 -25952 -6600 -49322 42988 8280 7783 10269 -14686 -31495 -31858 862 -47014 -28802 -26798 15409 5898 23844 -28835 25925 -18462 -95 -63564 8491 6614 -13306 0 0 0 0 0 0 0 0 0 0 0 0 
-39620 -2118 10008 21004 44211 -39094 -13527 -227 -35017 -38943 3101 5359 -27762 -11754 -34121 -1731 -9760 -29245 -19783 5938 3632 55886 23112 18697 49617 -8247 -22483 -17969 5809 28254 -13321 -14767 11634 -26409 23558 -43428 -34914 26923 -8668 21375 -25701 -28170 4163 5376 -23541 22233 65053 -7076 -7493 40409 -11518 -38575 0 0 0 0 0 0 0 0 0 0 0 0 
-9193 25777 -19531 -27265 -16765 39666 15173 -26585 -15678 -2878 615 1985 -4608 11701 28089 -12979 -2474 14670 29405 -11979 8627 -21912 13307 18068 13454 27249 -8202 911 -11544 -2892 23155 22758 -13466 13103 -3595 47248 10678 -17000 -14811 937 22806 12775 -16913 -13902 -11677 18 23097 1923 10753 -2036 6806 11127 0 0 0 0 0 0 0 0 0 0 0 0 
36407 48171 -2991 15197 32145 840 -20067 42790 -22183 -27471 -17150 -4977 -29858 -21045 -29436 -18557 21801 22194 7412 16972 18007 -28748 1196 20200 55358 41882 5158 -2212 4002 77067 5637 -28876 2474 14723 -6616 23898 -13512 -19874 -20775 -38944 -2632 -313 1688 67169 7244 -18234 2453 -29237 4469 -16479 6564 18006 0 0 0 0 0 0 0 0 0 0 0 0 
-30971 -3177 23236 30836 28364 -25209 1174 533 -43006 5209 -35940 9426 -4487 -2572 -9738 3055 11392 2955 -35453 -12018 -35926 21203 -46043 -38310 -37183 -18094 -11514 5517 1257 2175 -9263 -2874 34055 4523 18417 32290 -13388 39341 -52800 -9376 34271 -33274 -10049 26180 5040 -7515 13608 32636 24413 -7460 -7368 10181 0 0 0 0 0 0 0 0 0 0 0 0 
58263 19739 -13816 -1444 -11968 -16083 -47010 -2149 31290 7446 -20641 -28675 -3065 24205 -12306 43844 1878 23070 -16380 12909 16925 -41174 6229 -13269 -41841 23236 -35572 33736 64362 -20946 -976 -35273 45538 -5753 -24651 -1264 31338 -10667 26182 13694 25197 21237 31409 20894 -17442 -521 14319 -3022 7985 -3233 -7768 1646 0 0 0 0 0 0 0 0 0 0 0 0 
-39378 36821 -2946 36503 -13349 -13866 -1389 4702 -19694 -35646 -19532 -24607 8870 -26372 -892 -24026 -21519 -25754 -140 56539 -6847 -8866 -14272 -836 9385 25224 -44670 27740 24038 38428 -23891 -142 21690 -41483 -3162 9843 448 -22 -5788 10629 801 -913 6327 26706 -36967 -41282 39540 10535 25603 -16438 -30379 25478 0 0 0 0 0 0 0 0 0 0 0 0 
-21039 -7730 -13430 -449 -1684 23191 33522 -33417 1270 8196 -3414 -35101 -3988 43449 8932 -25565 2222 30552 -4335 12429 -27169 -974 7974 -12085 15169 -5001 -8328 -28297 -8529 -8085 -11789 2223 -9681 -22980 -19114 12115 30937 -22564 -12271 44888 -19140 10842 -3103 -31029 -4082 -16272 -24501 -43280 5295 -1560 27649 -2397 0 0 0 0 0 0 0 0 0 0 0 0 
23477 -12183 7048 -7728 18469 -44617 -11785 30028 20195 -39046 -19875 -39253 13775 19067 -15632 14769 22793 -26487 -46283 -15255 -14716 -4408 3029 22949 1375 -7196 13462 17742 32307 15034 -21518 36846 43070 5184 1272 17725 -26044 43416 13356 -969 -6200 3756 31241 18656 -22310 -24807 50165 -8449 -10059 10140 16933 32446 0 0 0 0 0 0 0 0 0 0 0 0 
19561 -32111 19893 -15173 -58500 12395 -2857 10898 -581 9464 -26080 -7740 30168 -30325 -7655 9047 -12396 -93 -28572 41427 -13295 -8214 33534 -5304 3145 40105 -20187 24505 12004 20038 -18162 -9598 -7858 -9093 -39065 33284 10249 20371 13820 -15342 -4140 -10329 14244 29432 24178 12439 150 -36693 20224 -14058 27987 2395 0 0 0 0 0 0 0 0 0 0 0 0 
22111 1943 31436 -4383 -42415 42392 -14107 -24432 49378 16480 -7130 -31791 11381 -9629 10787 6878 -15422 12876 -31350 8832 -46631 -38830 -16601 29192 -11623 9870 -22327 -3410 -16484 -33179 29026 48139 3015 51123 -16258 5789 8326 3079 -23010 -7536 13818 4440 -11114 888 36168 33792 8199 40797 35841 -7417 -6929 30956 0 0 0 0 0 0 0 0 0 0 0 0 
13784 -17787 6294 -34935 16525 31032 28584 -20157 48683 -4659 5417 -18764 -18210 -13582 -15025 6078 13080 -3705 16972 33241 -22612 21172 -8234 -11168 8765 -62220 8824 -2930 4723 -2184 14417 -6438 15231 35707 -6250 -5123 16338 17217 17946 32184 -42679 -8003 10735 -52857 22161 37273 -41773 70522 -23267 -12376 26785 -16867 0 0 0 0 0 0 0 0 0 0 0 0 
-21273 -37072 42304 -16597 33057 10508 -6620 -19206 -26719 19856 10757 1890 52834 -12329 10314 19181 -35165 -40294 -25468 37242 -38980 -36518 32883 3131 12252 29182 -36350 27497 -10880 -41156 -4917 -46096 13312 -27804 -9855 48239 36480 -9816 23442 -17565 35339 14956 -587 26575 22968 16306 15855 39939 15530 -9638 -22203 -1702 0 0 0 0 0 0 0 0 0 0 0 0 
24959 21194 -61076 30147 5976 -20028 37881 4548 -16461 1983 -66859 -38707 22703 42007 -6892 8041 -23630 -15877 -6511 -16180 -3007 -6020 -19186 -22740 -42287 -8838 -16176 -15638 -2026 27000 -19622 49485 39364 7626 334 -1663 -10410 -43884 -26960 18976 -19109 -2428 14599 -18058 2509 -43686 18925 -15735 8517 3162 2553 -35494 0 0 0 0 0 0 0 0 0 0 0 0 
-14800 -15799 -21739 -10206 -21351 -47273 -1805 -1660 -26876 -17761 42102 -18046 -17181 7319 6808 -4769 -1861 -8214 1798 55872 20849 48471 55296 -4832 10833 -17840 -42258 4603 12663 -12887 -13403 -3366 -2087 -36528 -23722 -22581 2401 43270 14130 5701 -9533 -29169 11546 -20111 -10399 -41477 10607 -40793 -184 -23333 9178 7863 0 0 0 0 0 0 0 0 0 0 0 0 
-10763 -15380 -27641 -10871 -23768 43662 -5019 25560 37942 -26031 1584 5620 -28120 -58146 -10771 9624 31290 24780 26247 -962 12682 1465 5387 3152 32833 19040 18404 -20948 4021 6169 19076 -8596 -34179 2195 18456 11680 -26383 -6104 19894 33980 -6471 7136 8159 -17501 -4654 44049 -8691 -37788 4569 17599 7544 -29281 0 0 0 0 0 0 0 0 0 0 0 0 
2492 13051 13333 16858 -47344 44299 -48168 -63168 19638 -19091 -13148 3934 44722 -22044 -3466 -22703 7603 619 46097 17213 -1043 -29922 12869 10348 -4764 36767 -17292 -1264 -9831 24903 6838 5629 11936 -17990 -29634 -19237 -8327 12709 8595 7770 -21263 -15983 -14971 25508 24988 52933 8255 -18769 31495 25081 13981 -29325 0 0 0 0 0 0 0 0 0 0 0 0 
751 -11458 22988 -6161 24510 6979 -20985 19025 -9274 -17852 18869 -24133 -27996 -19840 9601 6423 -33065 30544 -3158 51449 -14024 -7005 25699 6584 2004 7382 -17357 -23889 -12970 -6505 24260 -43966 -1851 5630 19059 245 20495 -4527 -7765 -19204 9774 20102 36762 23898 21407 18559 1455 -4609 -11922 -22764 -29101 7202 0 0 0 0 0 0 0 0 0 0 0 0 
3976 6363 -2884 -41370 -4072 -26470 15930 12744 14201 -7975 22616 5343 -24527 1008 23656 24156 8495 -3169 -7974 21210 -31243 13012 6519 -9204 18684 -30326 -15021 -22917 5164 -20897 8941 13386 26604 11610 -19982 -35752 -11676 -2608 28975 40646 -29655 -29704 4984 -15317 9516 7133 21461 43761 14879 2385 9786 -3530 0 0 0 0 0 0 0 0 0 0 0 0 
-40100 11918 8245 7852 -65846 -23329 4304 -17906 -30570 -27704 35843 22345 -12153 9128 51963 -16315 4744 6906 -46921 41574 30326 22296 7094 -18807 -17646 -22197 34482 65909 -23833 37180 -8432 1801 57054 -27654 9698 -2620 12725 38305 25545 -48689 -5109 982 10451 -3097 -21349 -29844 16393 -2433 -2221 -37724 -13184 21186 0 0 0 0 0 0 0 0 0 0 0 0 
-27180 5397 -61008 -5478 49628 4399 1491 26907 -20869 -20129 38512 -9108 -61717 14100 35806 -41857 22401 6933 11369 1297 7515 17299 -32035 -15061 21626 -17498 -14401 11082 5868 26535 4031 1093 16748 -7781 -25940 -243 -33599 -23874 -14132 1932 -5577 36988 14394 26521 6271 2862 -14907 -25976 7490 47070 -4057 -35114 0 0 0 0 0 0 0 0 0 0 0 0 
44989 -20801 4958 25860 -16403 -33405 -6315 54202 22449 -20406 24392 -36211 -6944 23307 9590 29675 -40583 827 -3944 -40156 1770 4609 5290 -8027 -23372 2844 45810 8455 8952 16459 10150 -9119 -12973 20747 16409 34158 1318 -31876 45169 15837 49993 5564 18617 -47 58812 -27154 5546 10609 4023 -6336 -8368 -3138 0 0 0 0 0 0 0 0 0 0 0 0 
-11916 -22428 -23086 -37143 43476 17293 7663 -38100 16484 22475 -37956 -79781 -2370 14602 -312 7037 -1171 -8654 1996 22876 -50911 -10551 27062 6230 -5191 18290 -22919 -2633 -16975 -13698 -4694 20343 23805 -29576 -9863 39960 4856 27149 27818 68225 6554 74319 9464 39230 -53603 3169 7571 -635 -5349 11286 7677 -381 0 0 0 0 0 0 0 0 0 0 0 0 
0 0 0 0 0 0 0 0 0 0 0 0 0 0 0 0 0 0 0 0 0 0 0 0 0 0 0 0 0 0 0 0 0 0 0 0 0 0 0 0 0 0 0 0 0 0 0 0 0 0 0 0 0 0 0 0 0 0 0 0 0 0 0 0 
0 0 0 0 0 0 0 0 0 0 0 0 0 0 0 0 0 0 0 0 0 0 0 0 0 0 0 0 0 0 0 0 0 0 0 0 0 0 0 0 0 0 0 0 0 0 0 0 0 0 0 0 0 0 0 0 0 0 0 0 0 0 0 0 
0 0 0 0 0 0 0 0 0 0 0 0 0 0 0 0 0 0 0 0 0 0 0 0 0 0 0 0 0 0 0 0 0 0 0 0 0 0 0 0 0 0 0 0 0 0 0 0 0 0 0 0 0 0 0 0 0 0 0 0 0 0 0 0 
0 0 0 0 0 0 0 0 0 0 0 0 0 0 0 0 0 0 0 0 0 0 0 0 0 0 0 0 0 0 0 0 0 0 0 0 0 0 0 0 0 0 0 0 0 0 0 0 0 0 0 0 0 0 0 0 0 0 0 0 0 0 0 0 
0 0 0 0 0 0 0 0 0 0 0 0 0 0 0 0 0 0 0 0 0 0 0 0 0 0 0 0 0 0 0 0 0 0 0 0 0 0 0 0 0 0 0 0 0 0 0 0 0 0 0 0 0 0 0 0 0 0 0 0 0 0 0 0 
0 0 0 0 0 0 0 0 0 0 0 0 0 0 0 0 0 0 0 0 0 0 0 0 0 0 0 0 0 0 0 0 0 0 0 0 0 0 0 0 0 0 0 0 0 0 0 0 0 0 0 0 0 0 0 0 0 0 0 0 0 0 0 0 
0 0 0 0 0 0 0 0 0 0 0 0 0 0 0 0 0 0 0 0 0 0 0 0 0 0 0 0 0 0 0 0 0 0 0 0 0 0 0 0 0 0 0 0 0 0 0 0 0 0 0 0 0 0 0 0 0 0 0 0 0 0 0 0 
0 0 0 0 0 0 0 0 0 0 0 0 0 0 0 0 0 0 0 0 0 0 0 0 0 0 0 0 0 0 0 0 0 0 0 0 0 0 0 0 0 0 0 0 0 0 0 0 0 0 0 0 0 0 0 0 0 0 0 0 0 0 0 0 
0 0 0 0 0 0 0 0 0 0 0 0 0 0 0 0 0 0 0 0 0 0 0 0 0 0 0 0 0 0 0 0 0 0 0 0 0 0 0 0 0 0 0 0 0 0 0 0 0 0 0 0 0 0 0 0 0 0 0 0 0 0 0 0 
0 0 0 0 0 0 0 0 0 0 0 0 0 0 0 0 0 0 0 0 0 0 0 0 0 0 0 0 0 0 0 0 0 0 0 0 0 0 0 0 0 0 0 0 0 0 0 0 0 0 0 0 0 0 0 0 0 0 0 0 0 0 0 0 
0 0 0 0 0 0 0 0 0 0 0 0 0 0 0 0 0 0 0 0 0 0 0 0 0 0 0 0 0 0 0 0 0 0 0 0 0 0 0 0 0 0 0 0 0 0 0 0 0 0 0 0 0 0 0 0 0 0 0 0 0 0 0 0 
0 0 0 0 0 0 0 0 0 0 0 0 0 0 0 0 0 0 0 0 0 0 0 0 0 0 0 0 0 0 0 0 0 0 0 0 0 0 0 0 0 0 0 0 0 0 0 0 0 0 0 0 0 0 0 0 0 0 0 0 0 0 0 0 
